
 Overlap matrix S:
  1.0000000     0.61565089     0.28282059     0.13325672     0.66607913E-01 0.34450332E-01 0.25303797     0.79023089E-01 0.33186728E-01 0.16252081E-01 0.87022515E-02 0.48495786E-02
 0.61565089      1.0000000     0.75152600     0.42543220     0.22732114     0.12067880     0.69921408     0.26665222     0.11635756     0.57606010E-01 0.30965292E-01 0.17284227E-01
 0.28282059     0.75152600      1.0000000     0.81497831     0.51741618     0.29623148     0.99502983     0.58823943     0.28639983     0.14657516     0.79745693E-01 0.44738666E-01
 0.13325672     0.42543220     0.81497831      1.0000000     0.85056276     0.57260191     0.86181169     0.91051470     0.55710674     0.30903301     0.17339987     0.98575390E-01
 0.66607913E-01 0.22732114     0.51741618     0.85056276      1.0000000     0.86679856     0.56692100     0.99003030     0.85300697     0.55425147     0.33281096     0.19505493    
 0.34450332E-01 0.12067880     0.29623148     0.57260191     0.86679856      1.0000000     0.33019820     0.79989232     0.99952954     0.83359146     0.57063438     0.35690201    
 0.25303797     0.69921408     0.99502983     0.86181169     0.56692100     0.33019820      1.0000000     0.64014337     0.31944264     0.16478447     0.89915702E-01 0.50506778E-01
 0.79023089E-01 0.26665222     0.58823943     0.91051470     0.99003030     0.79989232     0.64014337      1.0000000     0.78451399     0.48550862     0.28519285     0.16546612    
 0.33186728E-01 0.11635756     0.28639983     0.55710674     0.85300697     0.99952954     0.31944264     0.78451399      1.0000000     0.84794299     0.58627704     0.36863694    
 0.16252081E-01 0.57606010E-01 0.14657516     0.30903301     0.55425147     0.83359146     0.16478447     0.48550862     0.84794299      1.0000000     0.88090195     0.64199921    
 0.87022515E-02 0.30965292E-01 0.79745693E-01 0.17339987     0.33281096     0.57063438     0.89915702E-01 0.28519285     0.58627704     0.88090195      1.0000000     0.89465663    
 0.48495786E-02 0.17284227E-01 0.44738666E-01 0.98575390E-01 0.19505493     0.35690201     0.50506778E-01 0.16546612     0.36863694     0.64199921     0.89465663      1.0000000    

 Nuclear matrix N:
 -112.90478     -53.467300     -23.151042     -10.731971     -5.3358546     -2.7542404     -20.636916     -6.3360137     -2.6530355     -1.2981657    -0.69490622    -0.38720942    
 -53.467300     -48.344992     -29.063335     -15.226259     -7.9146717     -4.1569979     -26.591777     -9.3274549     -4.0066624     -1.9747961     -1.0598429    -0.59119324    
 -23.151042     -29.063335     -25.570980     -17.080541     -9.9601137     -5.5014593     -24.467857     -11.495655     -5.3120986     -2.6767959     -1.4481964    -0.81055556    
 -10.731971     -15.226259     -17.080541     -14.987452     -10.621000     -6.5355556     -17.020423     -11.776398     -6.3372394     -3.3695234     -1.8608528     -1.0507434    
 -5.3358546     -7.9146717     -9.9601137     -10.621000     -9.3395913     -6.8018357     -10.162732     -9.8300004     -6.6457335     -3.9264779     -2.2687047     -1.3073412    
 -2.7542404     -4.1569979     -5.5014593     -6.5355556     -6.8018357     -5.9937712     -5.6780349     -6.8311692     -5.9173116     -4.1290826     -2.6035803     -1.5667624    
 -20.636916     -26.591777     -24.467857     -17.020423     -10.162732     -5.6780349     -23.568378     -11.676346     -5.4849251     -2.7784997     -1.5061590    -0.84369413    
 -6.3360137     -9.3274549     -11.495655     -11.776398     -9.8300004     -6.8311692     -11.676346     -10.485309     -6.6593985     -3.8088151     -2.1686958     -1.2413200    
 -2.6530355     -4.0066624     -5.3120986     -6.3372394     -6.6457335     -5.9173116     -5.4849251     -6.6593985     -5.8454938     -4.1243580     -2.6179507     -1.5809941    
 -1.2981657     -1.9747961     -2.6767959     -3.3695234     -3.9264779     -4.1290826     -2.7784997     -3.8088151     -4.1243580     -3.6257899     -2.7048010     -1.8023732    
-0.69490622     -1.0598429     -1.4481964     -1.8608528     -2.2687047     -2.6035803     -1.5061590     -2.1686958     -2.6179507     -2.7048010     -2.3894497     -1.8254654    
-0.38720942    -0.59119324    -0.81055556     -1.0507434     -1.3073412     -1.5667624    -0.84369413     -1.2413200     -1.5809941     -1.8023732     -1.8254654     -1.6177354    

 Kinect energy matrix:
  469.30572      89.533562      12.952172      2.1658074     0.42489448     0.90872544E-01  9.9170543     0.63423188     0.83273237E-01 0.15715485E-01 0.36567404E-02 0.93431001E-03
  89.533562      86.046690      28.272881      6.4193996      1.4074844     0.31438932      23.106241      2.0616071     0.28853259     0.55449585E-01 0.12985914E-01 0.33269027E-02
  12.952172      28.272881      24.072763      10.032668      2.9320617     0.74278660      22.004006      4.0764614     0.68478519     0.13908549     0.33234452E-01 0.85866634E-02
  2.1658074      6.4193996      10.032668      8.2696438      3.9348738      1.3058115      10.149453      4.9486318      1.2165899     0.28259844     0.71089396E-01 0.18776472E-01
 0.42489448      1.4074844      2.9320617      3.9348738      3.2113447      1.6240130      3.1469727      3.5455838      1.5420598     0.46623669     0.13131661     0.36491755E-01
 0.90872544E-01 0.31438932     0.74278660      1.3058115      1.6240130      1.3226091     0.82038719      1.5947714      1.2888784     0.59073052     0.20699465     0.64104299E-01
  9.9170543      23.106241      22.004006      10.149453      3.1469727     0.82038719      20.449870      4.3258438     0.75712959     0.15582028     0.37415481E-01 0.96868920E-02
 0.63423188      2.0616071      4.0764614      4.9486318      3.5455838      1.5947714      4.3258438      4.0475630      1.5058028     0.41976860     0.11397459     0.31143567E-01
 0.83273237E-01 0.28853259     0.68478519      1.2165899      1.5420598      1.2888784     0.75712959      1.5058028      1.2579796     0.59274257     0.21118112     0.65981872E-01
 0.15715485E-01 0.55449585E-01 0.13908549     0.28259844     0.46623669     0.59073052     0.15582028     0.41976860     0.59274257     0.48399008     0.25819292     0.10317286    
 0.36567404E-02 0.12985914E-01 0.33234452E-01 0.71089396E-01 0.13131661     0.20699465     0.37415481E-01 0.11397459     0.21118112     0.25819292     0.21019722     0.11821263    
 0.93431001E-03 0.33269027E-02 0.85866634E-02 0.18776472E-01 0.36491755E-01 0.64104299E-01 0.96868920E-02 0.31143567E-01 0.65981872E-01 0.10317286     0.11821263     0.96348766E-01

 Transformation matrix X=S^(-1/2):
  1.2485317    -0.59975994     0.51109569    -0.47540226E-01 0.75411611E-01-0.74094559E-01-0.30379504    -0.50972721E-01 0.56757047E-01 0.46622066E-02-0.30525998E-02 0.93649625E-03
-0.59975994      2.0783012     -2.9626176     0.75976850E-01-0.54329374     0.51103788      1.8267557     0.50870725    -0.41707960    -0.20479352E-01 0.13416422E-01-0.40631864E-02
 0.51109569     -2.9626176      40.247634      13.289332      17.844884     -15.934317     -43.757774     -22.738848      14.069201    -0.13802261     0.39754179E-01-0.11254505E-01
-0.47540226E-01 0.75976850E-01  13.289332      15.395050      20.004692     -19.235412     -19.300512     -27.241309      17.807002    -0.52255995     0.16426745    -0.29866442E-01
 0.75411611E-01-0.54329374      17.844884      20.004692      82.078516     -114.19444     -23.271959     -80.425642      97.752448      2.0560627     -1.4510974     0.44580472    
-0.74094559E-01 0.51103788     -15.934317     -19.235412     -114.19444      465.33189      20.726199      97.647128     -443.67684      12.746366     -4.7333550      1.2838102    
-0.30379504      1.8267557     -43.757774     -19.300512     -23.271959      20.726199      52.291422      30.450108     -18.525595     0.31704156    -0.12120726     0.32671101E-01
-0.50972721E-01 0.50870725     -22.738848     -27.241309     -80.425642      97.647128      30.450108      87.867658     -85.580968    -0.61114176     0.78923708    -0.28379322    
 0.56757047E-01-0.41707960      14.069201      17.807002      97.752448     -443.67684     -18.525595     -85.580968      431.07547     -17.210947      6.7835516     -1.8410018    
 0.46622066E-02-0.20479352E-01-0.13802261    -0.52255995      2.0560627      12.746366     0.31704156    -0.61114176     -17.210947      7.0671221     -4.5225068      1.2753610    
-0.30525998E-02 0.13416422E-01 0.39754179E-01 0.16426745     -1.4510974     -4.7333550    -0.12120726     0.78923708      6.7835516     -4.5225068      5.8988515     -2.5437336    
 0.93649625E-03-0.40631864E-02-0.11254505E-01-0.29866442E-01 0.44580472      1.2838102     0.32671101E-01-0.28379322     -1.8410018      1.2753610     -2.5437336      2.4635662    

 XtSX:
  1.0000000    -0.13797790E-14 0.27806296E-14 0.34674310E-14 0.93626279E-14-0.26037115E-13-0.59636337E-14-0.10327351E-13 0.24161229E-13-0.12812017E-14 0.85283343E-15-0.48854150E-15
-0.13961784E-14  1.0000000    -0.41124957E-13-0.72652726E-14 0.33951683E-13-0.12568332E-12 0.43857442E-13-0.23320430E-13 0.11529709E-12-0.37955750E-14 0.19775848E-14-0.15517101E-14
 0.14486553E-13-0.85883788E-13  1.0000000     0.61498037E-12 0.11091410E-11-0.34560549E-11-0.14639244E-11-0.12508703E-11 0.33533436E-11-0.11954500E-12 0.48957366E-13-0.12453580E-13
 0.62862872E-14-0.11141729E-13 0.34227211E-12  1.0000000    -0.77255910E-13-0.19011251E-11-0.39433300E-12 0.62905844E-13 0.19747745E-11-0.12705809E-12 0.59570404E-13-0.16195378E-13
 0.10593346E-13 0.74035558E-13-0.43330302E-13 0.17292895E-12  1.0000000    -0.93579380E-11-0.32706693E-13-0.58165799E-12 0.94201452E-11-0.44041160E-12 0.18561541E-12-0.38524739E-13
-0.61724280E-13-0.19689052E-12-0.39408472E-12-0.18998258E-12 0.13944471E-11  1.0000000     0.58622118E-12-0.10509163E-11 0.98713815E-11-0.72758466E-12 0.19456659E-12-0.83266727E-15
-0.68737681E-14 0.43615024E-13-0.51889120E-12-0.18794157E-12-0.46599660E-12 0.41910616E-11  1.0000000     0.38716816E-12-0.41693263E-11 0.15179698E-12-0.51134444E-13 0.67966466E-14
-0.13868823E-13-0.15395468E-13-0.14810469E-11-0.93425094E-12-0.13020175E-11 0.48336890E-11 0.18756188E-11  1.0000000    -0.49365650E-11 0.20795171E-12-0.82697738E-13 0.16098234E-14
 0.36810290E-13 0.29081062E-12-0.56159634E-12-0.43587876E-12-0.73407322E-11 0.24611813E-10 0.36731425E-12 0.58380661E-11  1.0000000     0.35665915E-13 0.25002223E-12-0.11163293E-12
-0.14505541E-14-0.11053983E-13 0.40420358E-13 0.91437274E-14 0.16180113E-12-0.11861068E-11-0.38161314E-13-0.11686485E-12 0.11399215E-11  1.0000000     0.10991208E-13-0.77715612E-15
 0.12342558E-14 0.23149885E-14 0.43459160E-13 0.53086008E-13 0.16536772E-12-0.10380585E-12-0.59941635E-13-0.17924551E-12 0.69833028E-13 0.42188475E-14  1.0000000    -0.37747583E-14
-0.67188009E-15-0.15256893E-14-0.41442544E-14-0.20330959E-14-0.28865799E-14 0.14210855E-13 0.50411064E-14 0.26645353E-14-0.25091040E-13 0.17763568E-14-0.13322676E-14  1.0000000    

 Initial Fock matrix F = Hcore:
  356.40094      36.066262     -10.198870     -8.5661632     -4.9109601     -2.6633679     -10.719862     -5.7017819     -2.5697622     -1.2824502    -0.69124948    -0.38627511    
  36.066262      37.701698    -0.79045344     -8.8068597     -6.5071872     -3.8426086     -3.4855360     -7.2658478     -3.7181298     -1.9193465     -1.0468569    -0.58786634    
 -10.198870    -0.79045344     -1.4982174     -7.0478729     -7.0280520     -4.7586727     -2.4638511     -7.4191936     -4.6273134     -2.5377104     -1.4149619    -0.80196890    
 -8.5661632     -8.8068597     -7.0478729     -6.7178084     -6.6861264     -5.2297441     -6.8709692     -6.8277665     -5.1206495     -3.0869250     -1.7897634     -1.0319669    
 -4.9109601     -6.5071872     -7.0280520     -6.6861264     -6.1282466     -5.1778226     -7.0157593     -6.2844166     -5.1036737     -3.4602412     -2.1373881     -1.2708495    
 -2.6633679     -3.8426086     -4.7586727     -5.2297441     -5.1778226     -4.6711621     -4.8576477     -5.2363978     -4.6284332     -3.5383521     -2.3965857     -1.5026582    
 -10.719862     -3.4855360     -2.4638511     -6.8709692     -7.0157593     -4.8576477     -3.1185073     -7.3505021     -4.7277955     -2.6226794     -1.4687435    -0.83400724    
 -5.7017819     -7.2658478     -7.4191936     -6.8277665     -6.2844166     -5.2363978     -7.3505021     -6.4377456     -5.1535957     -3.3890465     -2.0547213     -1.2101764    
 -2.5697622     -3.7181298     -4.6273134     -5.1206495     -5.1036737     -4.6284332     -4.7277955     -5.1535957     -4.5875142     -3.5316155     -2.4067696     -1.5150122    
 -1.2824502     -1.9193465     -2.5377104     -3.0869250     -3.4602412     -3.5383521     -2.6226794     -3.3890465     -3.5316155     -3.1417999     -2.4466081     -1.6992004    
-0.69124948     -1.0468569     -1.4149619     -1.7897634     -2.1373881     -2.3965857     -1.4687435     -2.0547213     -2.4067696     -2.4466081     -2.1792525     -1.7072528    
-0.38627511    -0.58786634    -0.80196890     -1.0319669     -1.2708495     -1.5026582    -0.83400724     -1.2101764     -1.5150122     -1.6992004     -1.7072528     -1.5213866    

 Transformed Fock matrix F':
  510.13649     -190.28285      105.95370     -15.683307      14.417011     -15.435733     -73.368667     -7.5156928      10.777813      1.0647254    -0.81894448     0.21272673    
 -190.28285      173.28908     -115.09527      15.486084     -11.382599      10.747676      37.465735      2.1396216     -8.4540674     -1.1468146     0.66615114    -0.26311173    
  105.95370     -115.09527      153.41729     -23.479178      15.118478     -16.816505     -80.719459     -11.236841      11.864921      1.3461444    -0.99127245     0.24438530    
 -15.683307      15.486084     -23.479178      21.955102      1.0606756     -1.6560013     -7.1306736     -12.663042      1.3029159     -1.0126642     0.47278820    -0.21396591    
  14.417011     -11.382599      15.118478      1.0606756      9.4577397     -8.0000083     -15.556202     -11.595174      4.9957441    -0.35184744    -0.13624101    -0.55929434E-01
 -15.435733      10.747676     -16.816505     -1.6560013     -8.0000083      7.6396241      12.402655      4.7813625     -6.8856947     -1.5291434     0.19564916    -0.21476010    
 -73.368667      37.465735     -80.719459     -7.1306736     -15.556202      12.402655      73.359692      10.235479     -9.8500495    -0.93141748     0.29638804    -0.11332566    
 -7.5156928      2.1396216     -11.236841     -12.663042     -11.595174      4.7813625      10.235479      18.309405     -7.9725195     0.92496169    -0.58278672     0.52203390E-01
  10.777813     -8.4540674      11.864921      1.3029159      4.9957441     -6.8856947     -9.8500495     -7.9725195      4.6638709    -0.64586405    -0.37604038    -0.39501674E-01
  1.0647254     -1.1468146      1.3461444     -1.0126642    -0.35184744     -1.5291434    -0.93141748     0.92496169    -0.64586405    -0.48259783    -0.75530249    -0.13251395    
-0.81894448     0.66615114    -0.99127245     0.47278820    -0.13624101     0.19564916     0.29638804    -0.58278672    -0.37604038    -0.75530249    -0.78981162    -0.35948947    
 0.21272673    -0.26311173     0.24438530    -0.21396591    -0.55929434E-01-0.21476010    -0.11332566     0.52203390E-01-0.39501674E-01-0.13251395    -0.35948947    -0.83180732    

 Orbitals energies:
              1 -7.9964680    
              2 -1.9995538    
              3-0.88863979    
              4-0.44720154    
              5 0.48436952    
              6  2.9185166    
              7  7.8893526    
              8  17.394964    
              9  36.774700    
             10  77.099024    
             11  178.18919    
             12  660.70582    

 Transformed coefficients C':
 0.59780560E-01-0.22568151E-01 0.12327452E-01 0.11039148E-01 0.20948761E-01 0.30694367E-01-0.48398176E-01 0.65524127E-01 0.10068860    -0.15431454    -0.50332195     0.83686450    
 0.18032411    -0.69358992E-01 0.37807780E-01 0.33736153E-01 0.58936548E-01 0.94125537E-01-0.12972739     0.22279166     0.41636362    -0.65294284    -0.33070902    -0.41502417    
 0.33875619    -0.13744093     0.75319817E-01 0.67691842E-01 0.12335506     0.17993747    -0.29588999     0.18901078     0.29668109    -0.84190867E-01 0.70630892     0.30207448    
 0.46652401    -0.17648651     0.89696947E-01 0.71498002E-01 0.14264329     0.24079812    -0.16153809    -0.44914459    -0.60514297    -0.24443209    -0.66450959E-01-0.39157348E-01
 0.40939414    -0.52275637E-01 0.25939352E-02-0.12818147E-01 0.49131149E-01-0.69323390     0.34999265     0.36298367    -0.24914869    -0.14796984     0.82727902E-01 0.37940680E-01
 0.25571740     0.30030979    -0.25146102    -0.25288340    -0.24977646    -0.41759018    -0.60855080    -0.26457234     0.14159435     0.11268527    -0.76855921E-01-0.38519901E-01
 0.36319676    -0.14878661     0.81863898E-01 0.74817752E-01 0.13943610     0.19165794    -0.20631344     0.44784876    -0.27280398E-01 0.62356692    -0.33800314    -0.17468909    
 0.43616567    -0.98660185E-01 0.34952424E-01 0.37145185E-01-0.10652889     0.26214354E-01 0.50450130    -0.47871829     0.49746737     0.22464382    -0.58016662E-01-0.19781841E-01
 0.24611786     0.32996797    -0.26926483    -0.22504031    -0.58885103     0.43367407     0.22673273     0.27733322    -0.17545287    -0.95399171E-01 0.59912407E-01 0.28036726E-01
 0.11073398     0.63431025    -0.27924322    -0.57156182E-01 0.68298460     0.12248259     0.14672047    -0.13161934E-01 0.30144103E-01 0.37242504E-02 0.65760672E-02 0.30045744E-02
 0.53027226E-01 0.49008063     0.36454740     0.75140856    -0.22609997    -0.63411448E-01-0.63792964E-01-0.49382110E-02-0.15432910E-01-0.27216749E-02-0.36890913E-02-0.20343965E-02
 0.26718016E-01 0.26162019     0.79382751    -0.54720133     0.24420946E-01 0.19132297E-01 0.16220157E-01 0.27954268E-02 0.35877989E-02 0.12842817E-02 0.11843063E-02 0.59492064E-03

 New coefficients C=XC':
 0.11149136E-01-0.39631837E-02 0.21691160E-02 0.20498057E-02 0.28303970E-02 0.68867451E-02-0.39622501E-02 0.17163305E-01 0.27887477E-03-0.58249831E-01 0.55100841E-01  1.5114226    
 0.60050567E-01-0.22053667E-01 0.11953080E-01 0.90158398E-02 0.29971161E-01 0.47805605E-02-0.96123790E-01-0.43670357E-01 0.36330104     0.39742491     -3.2393743     -2.6436296    
 0.19977662    -0.75829822E-01 0.49694734E-01 0.14036251    -0.51402197      1.5614662      2.9694285      6.8971125     -16.576939     -42.954208      47.918958      23.073293    
 0.40689789    -0.19379802     0.12810406     0.31667114     -1.0434480      3.5028616      6.4690736      17.303229     -29.222255     -29.907753      20.662327      9.2479595    
 0.37529014    -0.16940938     0.26043298      2.2678841     -12.915641      34.942616      76.566805      109.44789     -100.08835     -72.954309      45.391097      20.814994    
 0.75002735E-01 -1.7511591     0.94393562E-01 -18.613181      137.03416     -306.60090     -368.80208     -319.47833      227.77494      152.30281     -94.468252     -44.534232    
-0.35653813E-04-0.57004616E-02-0.73074336E-02-0.14139422     0.83122054     -2.0473475     -4.4868663     -9.4454316      25.143679      54.251377     -54.141979     -25.411337    
 0.91449084E-02-0.86166887E-01-0.59622118E-01 -1.5482655      9.6738767     -24.732788     -58.007984     -99.138433      101.67401      78.038896     -49.075872     -22.329179    
 0.91406394E-02  1.9673541    -0.30093008      18.671600     -140.76417      302.87054      352.62193      299.85121     -212.27857     -141.72014      87.962536      41.520956    
-0.32516859E-02 0.76696423     -1.2286667     -3.9229267      12.949015     -13.142961     -9.8394552     -6.8273933      4.5542066      3.0266795     -1.9060615    -0.91645013    
 0.16767496E-02 0.15433855     0.78978433      5.8069885     -7.4400827      4.9930892      3.2128442      2.1345971     -1.4217666    -0.95204239     0.60508679     0.29337391    
-0.47818003E-03-0.81603477E-02 0.83533108     -3.2595349      2.3205850     -1.2896516    -0.79457549    -0.52481782     0.35132610     0.23654436    -0.15106856    -0.73534764E-01
 ******************
 Entering SCF cycle
 ******************

 :::::::::::::::: Step number           1 ::::::::::::::::

 Density matrix guess:
 0.28002011E-03 0.15138293E-02 0.50557283E-02 0.10609234E-01 0.97111224E-02 0.15552761E-01 0.44388935E-04 0.88690605E-03-0.15390151E-01-0.61517472E-02-0.11859554E-02 0.54019325E-04
 0.15138293E-02 0.81848697E-02 0.27338050E-01 0.57416813E-01 0.52544968E-01 0.86246872E-01 0.24715010E-03 0.48989056E-02-0.85676944E-01-0.34219279E-01-0.66060826E-02 0.30250122E-03
 0.50557283E-02 0.27338050E-01 0.91321716E-01 0.19196871     0.17564095     0.29554775     0.85028439E-03 0.16721917E-01-0.29471605    -0.11761674    -0.22736979E-01 0.10465370E-02
 0.10609234E-01 0.57416813E-01 0.19196871     0.40624714     0.37107194     0.73977923     0.21804614E-02 0.40840032E-01-0.75510005    -0.29991851    -0.58456480E-01 0.27737776E-02
 0.97111224E-02 0.52544968E-01 0.17564095     0.37107194     0.33908445     0.64962111     0.19046623E-02 0.36058945E-01-0.65971569    -0.26230251    -0.51034261E-01 0.24059663E-02
 0.15552761E-01 0.86246872E-01 0.29554775     0.73977923     0.64962111      6.1443670     0.19959482E-01 0.30315564     -6.8889288     -2.6866405    -0.54029119     0.28508404E-01
 0.44388935E-04 0.24715010E-03 0.85028439E-03 0.21804614E-02 0.19046623E-02 0.19959482E-01 0.64993068E-04 0.98172996E-03-0.22430305E-01-0.87438684E-02-0.17597216E-02 0.93069596E-04
 0.88690605E-03 0.48989056E-02 0.16721917E-01 0.40840032E-01 0.36058945E-01 0.30315564     0.98172996E-03 0.15016723E-01-0.33887438    -0.13223331    -0.26567078E-01 0.13975577E-02
-0.15390151E-01-0.85676944E-01-0.29471605    -0.75510005    -0.65971569     -6.8889288    -0.22430305E-01-0.33887438      7.7411315      3.0177210     0.60730782    -0.32117329E-01
-0.61517472E-02-0.34219279E-01-0.11761674    -0.29991851    -0.26230251     -2.6866405    -0.87438684E-02-0.13223331      3.0177210      1.1764894     0.23673339    -0.12514280E-01
-0.11859554E-02-0.66060826E-02-0.22736979E-01-0.58456480E-01-0.51034261E-01-0.54029119    -0.17597216E-02-0.26567078E-01 0.60730782     0.23673339     0.47646400E-01-0.25205161E-02
 0.54019325E-04 0.30250122E-03 0.10465370E-02 0.27737776E-02 0.24059663E-02 0.28508404E-01 0.93069596E-04 0.13975577E-02-0.32117329E-01-0.12514280E-01-0.25205161E-02 0.13363986E-03

 Coulomb  matrix:
  9.8121677      5.9757741      2.7365252      1.2881810     0.64369519     0.33288744      2.4478473     0.76371384     0.32067618     0.15703283     0.84082526E-01 0.46857062E-01
  5.9757741      9.2475181      6.7301887      3.7588016      1.9981683      1.0586168      6.2441747      2.3459537      1.0206377     0.50486236     0.27129861     0.15141431    
  2.7365252      6.7301887      8.1941699      6.2958209      3.8840041      2.1955068      8.0666706      4.4388879      2.1216642      1.0797318     0.58623337     0.32860274    
  1.2881810      3.7588016      6.2958209      6.8139304      5.3406046      3.4423823      6.5269124      5.8118232      3.3436264      1.8158191      1.0106812     0.57258040    
 0.64369519      1.9981683      3.8840041      5.3406046      5.4186698      4.2624050      4.1476913      5.5426747      4.1773055      2.5674935      1.5066823     0.87409200    
 0.33288744      1.0586168      2.1955068      3.4423823      4.2624050      4.1841543      2.3781780      4.1265114      4.1499608      3.0856785      1.9991154      1.2178134    
  2.4478473      6.2441747      8.0666706      6.5269124      4.1476913      2.3781780      8.0094979      4.7134688      2.2994022      1.1778555     0.64105647     0.35970029    
 0.76371384      2.3459537      4.4388879      5.8118232      5.5426747      4.1265114      4.7134688      5.7597372      4.0335114      2.3870824      1.3771950     0.79276264    
 0.32067618      1.0206377      2.1216642      3.3436264      4.1773055      4.1499608      2.2994022      4.0335114      4.1189907      3.1010980      2.0239979      1.2377898    
 0.15703283     0.50486236      1.0797318      1.8158191      2.5674935      3.0856785      1.1778555      2.3870824      3.1010980      2.9795302      2.3165763      1.5741301    
 0.84082526E-01 0.27129861     0.58623337      1.0106812      1.5066823      1.9991154     0.64105647      1.3771950      2.0239979      2.3165763      2.1513272      1.6838876    
 0.46857062E-01 0.15141431     0.32860274     0.57258040     0.87409200      1.2178134     0.35970029     0.79276264      1.2377898      1.5741301      1.6838876      1.5330226    

 Exact exchange  matrix:
  1.1655325      1.7850432      1.8255676      1.5027545      1.0444995     0.62266203      1.7962165      1.1622596     0.60177554     0.28899954     0.14021469     0.70593620E-01
  1.7850432      3.5694170      4.1634313      3.6154700      2.5711962      1.5503253      4.1413928      2.8489263      1.4990391     0.72521552     0.35356081     0.17864419    
  1.8255676      4.1634313      5.5026883      5.1535291      3.8192655      2.3660903      5.5496894      4.1961866      2.2910210      1.1384540     0.56867603     0.29332618    
  1.5027545      3.6154700      5.1535291      5.1724601      4.0577512      2.6616646      5.2538493      4.3969959      2.5864203      1.3877779     0.74677783     0.40946499    
  1.0444995      2.5711962      3.8192655      4.0577512      3.4402835      2.5172346      3.9217759      3.6457787      2.4639532      1.5399768     0.94284848     0.56624714    
 0.62266203      1.5503253      2.3660903      2.6616646      2.5172346      2.1710716      2.4438765      2.5797751      2.1473606      1.6284467      1.1340653     0.73434476    
  1.7962165      4.1413928      5.5496894      5.2538493      3.9217759      2.4438765      5.6071986      4.3019062      2.3671383      1.1845568     0.59575769     0.30909408    
  1.1622596      2.8489263      4.1961866      4.3969959      3.6457787      2.5797751      4.3019062      3.8893331      2.5195564      1.5052407     0.88964188     0.52208255    
 0.60177554      1.4990391      2.2910210      2.5864203      2.4639532      2.1473606      2.3671383      2.5195564      2.1252335      1.6290727      1.1416530     0.74175138    
 0.28899954     0.72521552      1.1384540      1.3877779      1.5399768      1.6284467      1.1845568      1.5052407      1.6290727      1.4845412      1.1409147     0.77710983    
 0.14021469     0.35356081     0.56867603     0.74677783     0.94284848      1.1340653     0.59575769     0.88964188      1.1416530      1.1409147     0.91642324     0.63794974    
 0.70593620E-01 0.17864419     0.29332618     0.40946499     0.56624714     0.73434476     0.30909408     0.52208255     0.74175138     0.77710983     0.63794974     0.44891501    
 Calculated number of electrons:
   4.0007817628175681     

 Exchange-correlation potential matrix:
 -7.3030578     -4.2444443     -1.8832182    -0.87837384    -0.43758392    -0.22603723     -1.6810721    -0.51943543    -0.21773697    -0.10657389    -0.57054963E-01-0.31793073E-01
 -4.2444443     -5.0924704     -3.5556260     -1.9578531     -1.0354312    -0.54745671     -3.2888839     -1.2167181    -0.52777903    -0.26084729    -0.14012965    -0.78197849E-01
 -1.8832182     -3.5556260     -3.9822666     -2.9109893     -1.7533428    -0.98062488     -3.8844864     -2.0126262    -0.94727939    -0.47981384    -0.26006509    -0.14566970    
-0.87837384     -1.9578531     -2.9109893     -2.8359158     -2.0741023     -1.2892514     -2.9683183     -2.2886409     -1.2505359    -0.66742999    -0.36907150    -0.20850952    
-0.43758392     -1.0354312     -1.7533428     -2.0741023     -1.8698640     -1.3772665     -1.8326519     -1.9605218     -1.3463932    -0.80207694    -0.46526679    -0.26860578    
-0.22603723    -0.54745671    -0.98062488     -1.2892514     -1.3772665     -1.2487026     -1.0370838     -1.3751706     -1.2348707    -0.88474348    -0.56457595    -0.34150418    
 -1.6810721     -3.2888839     -3.8844864     -2.9683183     -1.8326519     -1.0370838     -3.8175022     -2.0938089     -1.0022520    -0.51038614    -0.27718336    -0.15538794    
-0.51943543     -1.2167181     -2.0126262     -2.2886409     -1.9605218     -1.3751706     -2.0938089     -2.0833100     -1.3411101    -0.77124152    -0.44021087    -0.25225181    
-0.21773697    -0.52777903    -0.94727939     -1.2505359     -1.3463932     -1.2348707     -1.0022520     -1.3411101     -1.2220455    -0.88614095    -0.56935679    -0.34561176    
-0.10657389    -0.26084729    -0.47981384    -0.66742999    -0.80207694    -0.88474348    -0.51038614    -0.77124152    -0.88614095    -0.80388893    -0.59741232    -0.39335359    
-0.57054963E-01-0.14012965    -0.26006509    -0.36907150    -0.46526679    -0.56457595    -0.27718336    -0.44021087    -0.56935679    -0.59741232    -0.49962775    -0.35510348    
-0.31793073E-01-0.78197849E-01-0.14566970    -0.20850952    -0.26860578    -0.34150418    -0.15538794    -0.25225181    -0.34561176    -0.39335359    -0.35510348    -0.26631830    

 Fock matrix F:
  360.59012      38.635573     -9.1029542     -8.1246070     -4.7260153     -2.5778411     -9.7573460     -5.4729270     -2.4876107     -1.2414728    -0.66748501    -0.37208705    
  38.635573      42.683686      2.7525869     -6.9683817     -5.6069919     -3.3883750    -0.22569833     -6.1885485     -3.2807062     -1.7007716    -0.92485067    -0.51743094    
 -9.1029542      2.7525869      3.0214166     -3.5794851     -4.9364632     -3.5943959      1.9957435     -5.0142986     -3.5024864     -1.9601458     -1.0948619    -0.61928421    
 -8.1246070     -6.9683817     -3.5794851     -2.6773724     -3.4083174     -3.0870085     -3.2270267     -3.2820485     -3.0382275     -1.9451506     -1.1492331    -0.66695174    
 -4.7260153     -5.6069919     -4.9364632     -3.4083174     -2.5420102     -2.2630218     -4.7327789     -2.6678556     -2.2441572     -1.6868025     -1.0975119    -0.66899271    
 -2.5778411     -3.3883750     -3.5943959     -3.0870085     -2.2630218     -1.6949187     -3.5627672     -2.4637363     -1.6730455     -1.3197870    -0.96266042    -0.63276596    
 -9.7573460    -0.22569833      1.9957435     -3.2270267     -4.7327789     -3.5627672      1.3269641     -4.7451283     -3.4759746     -1.9756831     -1.1100443    -0.62948466    
 -5.4729270     -6.1885485     -5.0142986     -3.2820485     -2.6678556     -2.4637363     -4.7451283     -2.7266575     -2.4408615     -1.7685503     -1.1188896    -0.67186292    
 -2.4876107     -3.2807062     -3.5024864     -3.0382275     -2.2441572     -1.6730455     -3.4759746     -2.4408615     -1.6507118     -1.2987573    -0.95249591    -0.62915020    
 -1.2414728     -1.7007716     -1.9601458     -1.9451506     -1.6868025     -1.3197870     -1.9756831     -1.7685503     -1.2987573    -0.95075401    -0.72070537    -0.51722414    
-0.66748501    -0.92485067     -1.0948619     -1.1492331     -1.0975119    -0.96266042     -1.1100443     -1.1188896    -0.95249591    -0.72070537    -0.51719900    -0.36943649    
-0.37208705    -0.51743094    -0.61928421    -0.66695174    -0.66899271    -0.63276596    -0.62948466    -0.67186292    -0.62915020    -0.51722414    -0.36943649    -0.24421710    

 Transformed Fock matrix F':
  514.49796     -190.76852      106.00025     -15.741225      14.416779     -15.468562     -73.563240     -7.5517721      10.786156      1.0641683    -0.82022195     0.21279517    
 -190.76852      179.09765     -115.54096      15.492037     -11.478138      10.805910      37.781911      2.0941312     -8.5071606     -1.1475828     0.67202039    -0.26323205    
  106.00025     -115.54096      158.39469     -23.741726      15.204877     -16.967257     -80.745481     -11.221940      11.948403      1.3826702     -1.0012058     0.25296939    
 -15.741225      15.492037     -23.741726      25.745490      1.3476356     -1.6996682     -6.9043284     -12.540417      1.3276423    -0.98302344     0.50658915    -0.21574947    
  14.416779     -11.478138      15.204877      1.3476356      11.965960     -7.8466397     -15.715032     -11.194449      5.4872700    -0.39944700    -0.67008055E-01-0.48468763E-01
 -15.468562      10.805910     -16.967257     -1.6996682     -7.8466397      9.6872736      12.566220      5.0244826     -6.4613392     -1.4875624     0.34065115    -0.21458910    
 -73.563240      37.781911     -80.745481     -6.9043284     -15.715032      12.566220      77.679270      10.248004     -9.9199589    -0.95845628     0.32020139    -0.11169902    
 -7.5517721      2.0941312     -11.221940     -12.540417     -11.194449      5.0244826      10.248004      21.402664     -8.0345164      1.0907785    -0.62578039     0.87521306E-01
  10.786156     -8.5071606      11.948403      1.3276423      5.4872700     -6.4613392     -9.9199589     -8.0345164      6.4492352    -0.38033250    -0.38799232     0.28533618E-01
  1.0641683     -1.1475828      1.3826702    -0.98302344    -0.39944700     -1.4875624    -0.95845628      1.0907785    -0.38033250      1.0289412    -0.54909356    -0.72409658E-01
-0.82022195     0.67202039     -1.0012058     0.50658915    -0.67008055E-01 0.34065115     0.32020139    -0.62578039    -0.38799232    -0.54909356     0.32511632    -0.15923672    
 0.21279517    -0.26323205     0.25296939    -0.21574947    -0.48468763E-01-0.21458910    -0.11169902     0.87521306E-01 0.28533618E-01-0.72409658E-01-0.15923672     0.46908172E-01

 Orbitals energies:
              1 -4.0978888    
              2-0.16153454    
              3 0.17264542    
              4 0.75970827    
              5  2.1995327    
              6  5.1132675    
              7  10.567657    
              8  20.614897    
              9  40.607311    
             10  81.487709    
             11  183.08297    
             12  665.97489    

 Transformed coefficients C':
 0.56201010E-01-0.12778997E-01 0.77647102E-02-0.13414853E-01 0.22347151E-01-0.31200623E-01-0.49289080E-01-0.66760277E-01 0.10198031    -0.15465463    -0.50503139     0.83588512    
 0.16824542    -0.39281592E-01 0.23709886E-01-0.43144191E-01 0.63369137E-01-0.96229130E-01-0.12937510    -0.22042820     0.41608230    -0.65737076    -0.33226862    -0.41648700    
 0.31613687    -0.76969620E-01 0.46704303E-01-0.83133841E-01 0.13374591    -0.18329314    -0.31554875    -0.20756550     0.30436850    -0.91769644E-01 0.70589437     0.30257747    
 0.44387166    -0.10801413     0.69124409E-01-0.10490204     0.15902459    -0.28004919    -0.24645088     0.40337964    -0.62189763    -0.23557701    -0.67510640E-01-0.39342886E-01
 0.41799833    -0.75686112E-01 0.53410229E-01-0.24390479E-01 0.23490380     0.59512936     0.45508331    -0.33555594    -0.24097103    -0.14438602     0.81800186E-01 0.37927187E-01
 0.29259781     0.87179311E-01-0.59729938E-01 0.28640446    -0.30291056     0.58428926    -0.54362838     0.23445329     0.13456619     0.11035069    -0.75981193E-01-0.38519064E-01
 0.33922547    -0.83262591E-01 0.49715950E-01-0.90031684E-01 0.15201803    -0.21104759    -0.21159283    -0.47013725     0.75959443E-03 0.62519718    -0.33536380    -0.17499699    
 0.43464566    -0.92823006E-01 0.40013611E-01-0.14198191    -0.35372005E-01-0.10180870     0.45187826     0.53086350     0.48159696     0.21805625    -0.56633625E-01-0.19731900E-01
 0.28381343     0.99462873E-01-0.11731392     0.15547161    -0.79590443    -0.27689554     0.22467698    -0.26512824    -0.16694176    -0.92545907E-01 0.59131249E-01 0.28010068E-01
 0.14332351     0.42828934    -0.34313859     0.68631949     0.38364474    -0.20900435     0.12255728     0.21111516E-01 0.29195253E-01 0.32699286E-02 0.66229048E-02 0.30127182E-02
 0.70260962E-01 0.61506905    -0.48247506    -0.61151431     0.12408237E-01 0.80111827E-01-0.56485420E-01 0.14778289E-02-0.15261820E-01-0.24328418E-02-0.37211943E-02-0.20436251E-02
 0.34859820E-01 0.61659576     0.78589831    -0.59902415E-03-0.14552932E-01-0.22174383E-01 0.15324843E-01-0.19505861E-02 0.35444858E-02 0.12011272E-02 0.12007138E-02 0.59719687E-03

 New coefficients C=XC':
 0.10963028E-01-0.23983313E-02 0.13193971E-02-0.29569261E-02 0.30348736E-02-0.76711450E-02-0.41482266E-02-0.18277435E-01 0.69193672E-03-0.59870570E-01 0.52689346E-01  1.5114315    
 0.55804054E-01-0.12306438E-01 0.94267512E-02-0.74769916E-02 0.35750995E-01-0.65665455E-03-0.10194452     0.51031811E-01 0.36948020     0.40686240     -3.2336424     -2.6481051    
 0.19813503    -0.51352920E-01-0.79565017E-01-0.38153839    -0.75921134     -1.8333061      3.2914273     -7.3303014     -16.976995     -42.908785      47.703506      23.106612    
 0.38040301    -0.11356229    -0.15833191    -0.80460051     -1.5859970     -4.0476189      7.2668136     -17.903827     -29.036107     -29.556781      20.502526      9.2555386    
 0.43003997    -0.29280305     -2.0892611     -7.2572024     -18.323812     -41.222020      79.822456     -107.46554     -97.358702     -71.579884      44.938320      20.820350    
 0.18695190E-01 0.91566885      19.950312      66.312379      184.69582      317.65349     -353.32510      302.84175      219.01254      148.87274     -93.391850     -44.526950    
-0.19486349E-01 0.11512385E-01 0.14901825     0.47160541      1.1788473      2.4364455     -4.9358744      10.081967      25.618784      54.103940     -53.871378     -25.445891    
-0.54268597E-01 0.11830897      1.6140989      5.2305637      13.601840      29.462052     -61.948002      98.512226      99.343104      76.678724     -48.609572     -22.337808    
 0.13528689     -1.0402848     -20.130254     -67.596145     -187.33074     -311.14629      336.48365     -283.83432     -204.02571     -138.50766      86.954555      41.513324    
 0.70309917E-02 0.37339766      2.0751480      8.6651116      12.923885      11.737952     -8.8878700      6.3502139      4.3537130      2.9516108     -1.8822513    -0.91598142    
 0.82975501E-03 0.41023461     -3.8448433     -7.0974239     -5.9450878     -4.1426334      2.8381484     -1.9719170     -1.3555988    -0.92716902     0.59711603     0.29316125    
-0.28425987E-03 0.42360743      2.8764682      2.5415344      1.6114868      1.0330121    -0.69468717     0.48296916     0.33436417     0.23013430    -0.14900444    -0.73470483E-01

 Kinetic energy:
   19.968752116918537     

 Nuclear-elctron potential energy:
  -39.960795841705433     

 ===> One-electron energy:
  -19.992043724786900     

 Coulomb energy:
   9.5576129634188227     

 Exchange-correlation energy
  -3.6229036291753167     

 HF exact exchange energy:
   3.2757487080412098     

 ===> Two-electron energy:
   5.9347093342435056     

 ===> Total energy:
  -13.970545660259868     

 :::::::::::::::: Step number           2 ::::::::::::::::

 Density matrix guess:
 0.25187996E-03 0.12825927E-02 0.45906425E-02 0.88854579E-02 0.10833558E-01-0.39822428E-02-0.48247981E-03-0.17573846E-02 0.79562033E-02-0.16369007E-02-0.19495638E-02-0.20381346E-02
 0.12825927E-02 0.65310818E-02 0.23377419E-01 0.45251155E-01 0.55202673E-01-0.20450710E-01-0.24581874E-02-0.89687397E-02 0.40703516E-01-0.84056748E-02-0.10004446E-01-0.10457923E-01
 0.45906425E-02 0.23377419E-01 0.83789225E-01 0.16240583     0.20048455    -0.86636195E-01-0.89042458E-02-0.33656043E-01 0.16045347    -0.35563948E-01-0.41804683E-01-0.43619601E-01
 0.88854579E-02 0.45251155E-01 0.16240583     0.31520569     0.39367976    -0.19374749    -0.17440077E-01-0.68158751E-01 0.33920133    -0.79458563E-01-0.92543078E-01-0.96427924E-01
 0.10833558E-01 0.55202673E-01 0.20048455     0.39367976     0.54133600    -0.52014191    -0.23501540E-01-0.11595779     0.72555467    -0.21261673    -0.23952223    -0.24831158    
-0.39822428E-02-0.20450710E-01-0.86636195E-01-0.19374749    -0.52014191      1.6775979     0.20354463E-01 0.21463456     -1.9000544     0.68408010     0.75130913     0.77575763    
