 _______________________________________________________________
 |                                                             |
 | Program ATOM for calculation of the energy of a single atom |
 |     Developed as a part of  Dr. Hélio Duarte's DFT class    |
 |        ministered at the Chemistry Department of UFMG       |
 |                                                             |
 | By Taís Christofani                                         |
 |_____________________________________________________________|


 ******************
 INPUT INFORMATION
 ******************

 Atomic number:
           4

 Number of electron:
           4

 Number of basis functions:
          12

 Convergence criteria:
   1.0000000000000001E-005

 Maximum number of iterations:
        1000

 Cx
 -0.93000000000000005     

 Mixing coefficient for hybrid functional
  0.25000000000000000     

 Gaussian functions coefficients:
   312.87049370000000     
   57.364462529999997     
   16.048509400000000     
   5.5130961190000001     
   2.1408965530000001     
  0.88173942829999996     
   13.633247440000000     
   2.6983754640000002     
  0.83865308289999996     
  0.32266006980000000     
  0.14013148819999999     
   6.4232513899999996E-002


 ******************
 OUTPUT INFORMATION
 ******************

 * For detailed output information check .log file

 Number of SCF cycles for convergence:

           6

 Charge:
           0

 Ionization potential:
  0.32790528303920513     

 Electron affinity:
  -9.7398196688067054E-002

 Chemical potential
 -0.11525354317556905     

 Density:
 0.25774536E-03 0.13185630E-02 0.47246798E-02 0.90148634E-02 0.99460612E-02 0.85185678E-04-0.47350664E-03-0.74896675E-03 0.34794912E-02-0.12234281E-02-0.26217452E-02-0.15041244E-02
 0.13185630E-02 0.67455086E-02 0.24172350E-01 0.46126902E-01 0.50919440E-01 0.32677915E-03-0.24237648E-02-0.38470487E-02 0.17936371E-01-0.63510799E-02-0.13601446E-01-0.78019901E-02
 0.47246798E-02 0.24172350E-01 0.86677492E-01 0.16556295     0.18362920    -0.22167572E-02-0.87289458E-02-0.14266934E-01 0.68500276E-01-0.25626122E-01-0.54617409E-01-0.31289184E-01
 0.90148634E-02 0.46126902E-01 0.16556295     0.31669813     0.35370783    -0.13853643E-01-0.16780442E-01-0.28591640E-01 0.14271971    -0.57045827E-01-0.12091831    -0.69169770E-01
 0.99460612E-02 0.50919440E-01 0.18362920     0.35370783     0.40820888    -0.67101842E-01-0.19188382E-01-0.38920291E-01 0.22217255    -0.10682069    -0.22335805    -0.12729661    
 0.85185678E-04 0.32677915E-03-0.22167572E-02-0.13853643E-01-0.67101842E-01 0.20305963     0.24867014E-02 0.28650385E-01-0.25240043     0.17153636     0.35157567     0.19926154    
-0.47350664E-03-0.24237648E-02-0.87289458E-02-0.16780442E-01-0.19188382E-01 0.24867014E-02 0.90429478E-03 0.17521466E-02-0.96930945E-02 0.44860092E-02 0.94047581E-02 0.53638315E-02
-0.74896675E-03-0.38470487E-02-0.14266934E-01-0.28591640E-01-0.38920291E-01 0.28650385E-01 0.17521466E-02 0.62894827E-02-0.46199237E-01 0.28027789E-01 0.57782248E-01 0.32802838E-01
 0.34794912E-02 0.17936371E-01 0.68500276E-01 0.14271971     0.22217255    -0.25240043    -0.96930945E-02-0.46199237E-01 0.36361179    -0.23123948    -0.47553077    -0.26976850    
-0.12234281E-02-0.63510799E-02-0.25626122E-01-0.57045827E-01-0.10682069     0.17153636     0.44860092E-02 0.28027789E-01-0.23123948     0.15141815     0.31091625     0.17630862    
-0.26217452E-02-0.13601446E-01-0.54617409E-01-0.12091831    -0.22335805     0.35157567     0.94047581E-02 0.57782248E-01-0.47553077     0.31091625     0.63847203     0.36206060    
-0.15041244E-02-0.78019901E-02-0.31289184E-01-0.69169770E-01-0.12729661     0.19926154     0.53638315E-02 0.32802838E-01-0.26976850     0.17630862     0.36206060     0.20531621    

 Orbital energies:
              1                -4.7156040    
              2               -0.32790528    
              3                0.97398197E-01
              4                0.64568029    
              5                 2.0239248    
              6                 4.8680225    
              7                 10.249252    
              8                 20.205426    
              9                 40.076984    
             10                 80.845462    
             11                 182.32353    
             12                 665.09874    

 Total energy:
  -14.729622592443828     

 ---------------------------------------------
 CPU time:  0.30256699999999997      seconds
