 _______________________________________________________________
 |                                                             |
 | Program ATOM for calculation of the energy of a single atom |
 |     Developed as a part of  Dr. Hélio Duarte's DFT class    |
 |        ministered at the Chemistry Department of UFMG       |
 |                                                             |
 | By Taís Christofani                                         |
 |_____________________________________________________________|


 ******************
 INPUT INFORMATION
 ******************

 Atomic number:
           4

 Number of electron:
           4

 Number of basis functions:
          12

 Convergence criteria:
   1.0000000000000001E-005

 Maximum number of iterations:
        1000

 Cx
 -0.93000000000000005     

 Mixing coefficient for hybrid functional
   1.0000000000000000     

 Gaussian functions coefficients:
   312.87049370000000     
   57.364462529999997     
   16.048509400000000     
   5.5130961190000001     
   2.1408965530000001     
  0.88173942829999996     
   13.633247440000000     
   2.6983754640000002     
  0.83865308289999996     
  0.32266006980000000     
  0.14013148819999999     
   6.4232513899999996E-002


 ******************
 OUTPUT INFORMATION
 ******************

 * For detailed output information check .log file

 Number of SCF cycles for convergence:

           6

 Charge:
           0

 Ionization potential:
  0.30822286048084369     

 Electron affinity:
 -0.20091053198997663     

 Chemical potential
  -5.3656164245433527E-002

 Density:
 0.21570982E-03 0.11463796E-02 0.38298016E-02 0.76085395E-02 0.92498006E-02 0.69573972E-03-0.18216605E-03-0.53968779E-03 0.30215805E-02-0.83148640E-03-0.12549893E-02-0.22172112E-02
 0.11463796E-02 0.60923802E-02 0.20353539E-01 0.40435961E-01 0.49162806E-01 0.36698733E-02-0.96837138E-03-0.28709169E-02 0.16088222E-01-0.44264440E-02-0.66792786E-02-0.11800488E-01
 0.38298016E-02 0.20353539E-01 0.68127156E-01 0.13548919     0.16705190    -0.27081683E-02-0.33753406E-02-0.11094245E-01 0.70111708E-01-0.18881576E-01-0.27572914E-01-0.48763637E-01
 0.76085395E-02 0.40435961E-01 0.13548919     0.26961273     0.33496126    -0.21813609E-01-0.68596261E-02-0.23690827E-01 0.15725471    -0.42005866E-01-0.60551804E-01-0.10713210    
 0.92498006E-02 0.49162806E-01 0.16705190     0.33496126     0.45752428    -0.29451791    -0.10849970E-01-0.55713995E-01 0.48417152    -0.12436373    -0.16777082    -0.29748244    
 0.69573972E-03 0.36698733E-02-0.27081683E-02-0.21813609E-01-0.29451791      1.7301350     0.15599466E-01 0.17177611     -1.8793048     0.46988975     0.60301976      1.0711126    
-0.18216605E-03-0.96837138E-03-0.33753406E-02-0.68596261E-02-0.10849970E-01 0.15599466E-01 0.30547967E-03 0.20812827E-02-0.20248481E-01 0.51292735E-02 0.67468883E-02 0.11973684E-01
-0.53968779E-03-0.28709169E-02-0.11094245E-01-0.23690827E-01-0.55713995E-01 0.17177611     0.20812827E-02 0.18775008E-01-0.19726035     0.49536488E-01 0.64102294E-01 0.11382777    
 0.30215805E-02 0.16088222E-01 0.70111708E-01 0.15725471     0.48417152     -1.8793048    -0.20248481E-01-0.19726035      2.1075663    -0.52829521    -0.68126779     -1.2098908    
-0.83148640E-03-0.44264440E-02-0.18881576E-01-0.42005866E-01-0.12436373     0.46988975     0.51292735E-02 0.49536488E-01-0.52829521     0.13245161     0.17086820     0.30344763    
-0.12549893E-02-0.66792786E-02-0.27572914E-01-0.60551804E-01-0.16777082     0.60301976     0.67468883E-02 0.64102294E-01-0.68126779     0.17086820     0.22058517     0.39173082    
-0.22172112E-02-0.11800488E-01-0.48763637E-01-0.10713210    -0.29748244      1.0711126     0.11973684E-01 0.11382777     -1.2098908     0.30344763     0.39173082     0.69566406    

 Orbital energies:
              1                -4.7278538    
              2               -0.30822286    
              3                0.20091053    
              4                0.85538182    
              5                 2.3496817    
              6                 5.3235082    
              7                 10.862984    
              8                 21.053299    
              9                 41.295947    
             10                 82.605960    
             11                 184.88144    
             12                 668.54389    

 Total energy:
  -14.566528628594980     

 ---------------------------------------------
 CPU time:  0.31016400000000000      seconds
