 _______________________________________________________________
 |                                                             |
 | Program ATOM for calculation of the energy of a single atom |
 |     Developed as a part of  Dr. Hélio Duarte's DFT class    |
 |        ministered at the Chemistry Department of UFMG       |
 |                                                             |
 | By Taís Christofani                                         |
 |_____________________________________________________________|


 ******************
 INPUT INFORMATION
 ******************

 Atomic number:
           4

 Number of electron:
           4

 Number of basis functions:
          12

 Convergence criteria:
   1.0000000000000001E-005

 Maximum number of iterations:
        1000

 Cx
  0.93000000000000005     

 Mixing coefficient for hybrid functional
   0.0000000000000000     

 Gaussian functions coefficients:
   312.87049370000000     
   57.364462529999997     
   16.048509400000000     
   5.5130961190000001     
   2.1408965530000001     
  0.88173942829999996     
   13.633247440000000     
   2.6983754640000002     
  0.83865308289999996     
  0.32266006980000000     
  0.14013148819999999     
   6.4232513899999996E-002


 ******************
 OUTPUT INFORMATION
 ******************

 * For detailed output information check .log file

 Number of SCF cycles for convergence:

           8

 Charge:
           0

 Ionization potential:
  0.29612654900677338     

 Electron affinity:
  -7.9058066784080727E-002

 Chemical potential
 -0.10853424111134632     

 Density:
 0.26259433E-03 0.13315319E-02 0.48390397E-02 0.91326391E-02 0.10137890E-01-0.55786364E-03-0.55312160E-03-0.89984599E-03 0.42428995E-02-0.12908112E-02-0.27340009E-02-0.15162734E-02
 0.13315319E-02 0.67518401E-02 0.24539455E-01 0.46318882E-01 0.51446508E-01-0.29511101E-02-0.28062167E-02-0.45799266E-02 0.21665384E-01-0.66468120E-02-0.14067098E-01-0.78002446E-02
 0.48390397E-02 0.24539455E-01 0.89246810E-01 0.16863199     0.18816067    -0.14332511E-01-0.10242957E-01-0.17148343E-01 0.83187986E-01-0.27148932E-01-0.57132761E-01-0.31641038E-01
 0.91326391E-02 0.46318882E-01 0.16863199     0.31916044     0.35870720    -0.37907985E-01-0.19465702E-01-0.33880821E-01 0.17039886    -0.60246749E-01-0.12591582    -0.69628531E-01
 0.10137890E-01 0.51446508E-01 0.18816067     0.35870720     0.41574905    -0.95118405E-01-0.22264512E-01-0.45020075E-01 0.25460471    -0.11088247    -0.22813612    -0.12571201    
-0.55786364E-03-0.29511101E-02-0.14332511E-01-0.37907985E-01-0.95118405E-01 0.22345174     0.39249165E-02 0.32964538E-01-0.28329491     0.18715162     0.37610214     0.20613299    
-0.55312160E-03-0.28062167E-02-0.10242957E-01-0.19465702E-01-0.22264512E-01 0.39249165E-02 0.11991011E-02 0.22795926E-02-0.12330493E-01 0.50004140E-02 0.10340044E-01 0.57042302E-02
-0.89984599E-03-0.45799266E-02-0.17148343E-01-0.33880821E-01-0.45020075E-01 0.32964538E-01 0.22795926E-02 0.74219493E-02-0.52859204E-01 0.30187136E-01 0.61102532E-01 0.33544709E-01
 0.42428995E-02 0.21665384E-01 0.83187986E-01 0.17039886     0.25460471    -0.28329491    -0.12330493E-01-0.52859204E-01 0.40702327    -0.24842108    -0.50112464    -0.27489632    
-0.12908112E-02-0.66468120E-02-0.27148932E-01-0.60246749E-01-0.11088247     0.18715162     0.50004140E-02 0.30187136E-01-0.24842108     0.15934527     0.32066348     0.17580455    
-0.27340009E-02-0.14067098E-01-0.57132761E-01-0.12591582    -0.22813612     0.37610214     0.10340044E-01 0.61102532E-01-0.50112464     0.32066348     0.64537108     0.35383568    
-0.15162734E-02-0.78002446E-02-0.31641038E-01-0.69628531E-01-0.12571201     0.20613299     0.57042302E-02 0.33544709E-01-0.27489632     0.17580455     0.35383568     0.19399763    

 Orbital energies:
              1                -4.5110958    
              2               -0.29612655    
              3                0.79058067E-01
              4                0.60718444    
              5                 1.9592802    
              6                 4.7749024    
              7                 10.121758    
              8                 20.027427    
              9                 39.818126    
             10                 80.466009    
             11                 181.76337    
             12                 664.33375    

 Total energy:
  -14.796308656770789     

 ---------------------------------------------
 CPU time:  0.32242099999999996      seconds
