 _______________________________________________________________
 |                                                             |
 | Program ATOM for calculation of the energy of a single atom |
 |     Developed as a part of  Dr. Hélio Duarte's DFT class    |
 |        ministered at the Chemistry Department of UFMG       |
 |                                                             |
 | By Taís Christofani                                         |
 |_____________________________________________________________|


 ******************
 INPUT INFORMATION
 ******************

 Atomic number:
           4

 Number of electron:
           4

 Number of basis functions:
          12

 Convergence criteria:
   1.0000000000000001E-005

 Maximum number of iterations:
        1000

 Cx
  0.73999999999999999     

 Mixing coefficient for hybrid functional
  0.25000000000000000     

 Gaussian functions coefficients:
   312.87049370000000     
   57.364462529999997     
   16.048509400000000     
   5.5130961190000001     
   2.1408965530000001     
  0.88173942829999996     
   13.633247440000000     
   2.6983754640000002     
  0.83865308289999996     
  0.32266006980000000     
  0.14013148819999999     
   6.4232513899999996E-002


 ******************
 OUTPUT INFORMATION
 ******************

 * For detailed output information check .log file

 Number of SCF cycles for convergence:

           6

 Charge:
           0

 Ionization potential:
  0.20187492753123901     

 Electron affinity:
 -0.14795802613701250     

 Chemical potential
  -2.6958450697113251E-002

 Density:
 0.22198465E-03 0.11519298E-02 0.39991696E-02 0.76731090E-02 0.96468313E-02-0.17410907E-02-0.36195157E-03-0.90587478E-03 0.58849392E-02-0.91442599E-03-0.12104925E-02-0.25342448E-02
 0.11519298E-02 0.59776312E-02 0.20752783E-01 0.39818052E-01 0.50062916E-01-0.90545647E-02-0.18784296E-02-0.47026307E-02 0.30559431E-01-0.47499971E-02-0.62865783E-02-0.13161490E-01
 0.39991696E-02 0.20752783E-01 0.72221744E-01 0.13877528     0.17725780    -0.52175892E-01-0.67103276E-02-0.18265397E-01 0.12839316    -0.21589619E-01-0.27160096E-01-0.56998242E-01
 0.76731090E-02 0.39818052E-01 0.13877528     0.26689953     0.34417197    -0.12456114    -0.13097715E-01-0.37331594E-01 0.27263478    -0.47434904E-01-0.58400964E-01-0.12268948    
 0.96468313E-02 0.50062916E-01 0.17725780     0.34417197     0.48798712    -0.48861152    -0.19491534E-01-0.77975992E-01 0.69972172    -0.14125798    -0.15882107    -0.33521722    
-0.17410907E-02-0.90545647E-02-0.52175892E-01-0.12456114    -0.48861152      2.4935787     0.25432013E-01 0.23896892     -2.7124287     0.61683816     0.64736689      1.3716093    
-0.36195157E-03-0.18784296E-02-0.67103276E-02-0.13097715E-01-0.19491534E-01 0.25432013E-01 0.79600383E-03 0.35894273E-02-0.33886375E-01 0.70453040E-02 0.77850216E-02 0.16446991E-01
-0.90587478E-03-0.47026307E-02-0.18265397E-01-0.37331594E-01-0.77975992E-01 0.23896892     0.35894273E-02 0.25375133E-01-0.27330206     0.60733175E-01 0.64578578E-01 0.13672387    
 0.58849392E-02 0.30559431E-01 0.12839316     0.27263478     0.69972172     -2.7124287    -0.33886375E-01-0.27330206      3.0226359    -0.67972008    -0.71789509     -1.5204898    
-0.91442599E-03-0.47499971E-02-0.21589619E-01-0.47434904E-01-0.14125798     0.61683816     0.70453040E-02 0.60733175E-01-0.67972008     0.15364756     0.16180149     0.34275026    
-0.12104925E-02-0.62865783E-02-0.27160096E-01-0.58400964E-01-0.15882107     0.64736689     0.77850216E-02 0.64578578E-01-0.71789509     0.16180149     0.17067110     0.36150483    
-0.25342448E-02-0.13161490E-01-0.56998242E-01-0.12268948    -0.33521722      1.3716093     0.16446991E-01 0.13672387     -1.5204898     0.34275026     0.36150483     0.76572101    

 Orbital energies:
              1                -4.0171052    
              2               -0.20187493    
              3                0.14795803    
              4                0.74762362    
              5                 2.1817503    
              6                 5.0865690    
              7                 10.536509    
              8                 20.588479    
              9                 40.612933    
             10                 81.608963    
             11                 183.42856    
             12                 666.56721    

 Total energy:
  -14.309167672846618     

 ---------------------------------------------
 CPU time:  0.30729099999999998      seconds
