
 Overlap matrix S:
  1.0000000     0.61565089     0.28282059     0.13325672     0.66607913E-01 0.34450332E-01 0.25303797     0.79023089E-01 0.33186728E-01 0.16252081E-01 0.87022515E-02 0.48495786E-02
 0.61565089      1.0000000     0.75152600     0.42543220     0.22732114     0.12067880     0.69921408     0.26665222     0.11635756     0.57606010E-01 0.30965292E-01 0.17284227E-01
 0.28282059     0.75152600      1.0000000     0.81497831     0.51741618     0.29623148     0.99502983     0.58823943     0.28639983     0.14657516     0.79745693E-01 0.44738666E-01
 0.13325672     0.42543220     0.81497831      1.0000000     0.85056276     0.57260191     0.86181169     0.91051470     0.55710674     0.30903301     0.17339987     0.98575390E-01
 0.66607913E-01 0.22732114     0.51741618     0.85056276      1.0000000     0.86679856     0.56692100     0.99003030     0.85300697     0.55425147     0.33281096     0.19505493    
 0.34450332E-01 0.12067880     0.29623148     0.57260191     0.86679856      1.0000000     0.33019820     0.79989232     0.99952954     0.83359146     0.57063438     0.35690201    
 0.25303797     0.69921408     0.99502983     0.86181169     0.56692100     0.33019820      1.0000000     0.64014337     0.31944264     0.16478447     0.89915702E-01 0.50506778E-01
 0.79023089E-01 0.26665222     0.58823943     0.91051470     0.99003030     0.79989232     0.64014337      1.0000000     0.78451399     0.48550862     0.28519285     0.16546612    
 0.33186728E-01 0.11635756     0.28639983     0.55710674     0.85300697     0.99952954     0.31944264     0.78451399      1.0000000     0.84794299     0.58627704     0.36863694    
 0.16252081E-01 0.57606010E-01 0.14657516     0.30903301     0.55425147     0.83359146     0.16478447     0.48550862     0.84794299      1.0000000     0.88090195     0.64199921    
 0.87022515E-02 0.30965292E-01 0.79745693E-01 0.17339987     0.33281096     0.57063438     0.89915702E-01 0.28519285     0.58627704     0.88090195      1.0000000     0.89465663    
 0.48495786E-02 0.17284227E-01 0.44738666E-01 0.98575390E-01 0.19505493     0.35690201     0.50506778E-01 0.16546612     0.36863694     0.64199921     0.89465663      1.0000000    

 Nuclear matrix N:
 -112.90478     -53.467300     -23.151042     -10.731971     -5.3358546     -2.7542404     -20.636916     -6.3360137     -2.6530355     -1.2981657    -0.69490622    -0.38720942    
 -53.467300     -48.344992     -29.063335     -15.226259     -7.9146717     -4.1569979     -26.591777     -9.3274549     -4.0066624     -1.9747961     -1.0598429    -0.59119324    
 -23.151042     -29.063335     -25.570980     -17.080541     -9.9601137     -5.5014593     -24.467857     -11.495655     -5.3120986     -2.6767959     -1.4481964    -0.81055556    
 -10.731971     -15.226259     -17.080541     -14.987452     -10.621000     -6.5355556     -17.020423     -11.776398     -6.3372394     -3.3695234     -1.8608528     -1.0507434    
 -5.3358546     -7.9146717     -9.9601137     -10.621000     -9.3395913     -6.8018357     -10.162732     -9.8300004     -6.6457335     -3.9264779     -2.2687047     -1.3073412    
 -2.7542404     -4.1569979     -5.5014593     -6.5355556     -6.8018357     -5.9937712     -5.6780349     -6.8311692     -5.9173116     -4.1290826     -2.6035803     -1.5667624    
 -20.636916     -26.591777     -24.467857     -17.020423     -10.162732     -5.6780349     -23.568378     -11.676346     -5.4849251     -2.7784997     -1.5061590    -0.84369413    
 -6.3360137     -9.3274549     -11.495655     -11.776398     -9.8300004     -6.8311692     -11.676346     -10.485309     -6.6593985     -3.8088151     -2.1686958     -1.2413200    
 -2.6530355     -4.0066624     -5.3120986     -6.3372394     -6.6457335     -5.9173116     -5.4849251     -6.6593985     -5.8454938     -4.1243580     -2.6179507     -1.5809941    
 -1.2981657     -1.9747961     -2.6767959     -3.3695234     -3.9264779     -4.1290826     -2.7784997     -3.8088151     -4.1243580     -3.6257899     -2.7048010     -1.8023732    
-0.69490622     -1.0598429     -1.4481964     -1.8608528     -2.2687047     -2.6035803     -1.5061590     -2.1686958     -2.6179507     -2.7048010     -2.3894497     -1.8254654    
-0.38720942    -0.59119324    -0.81055556     -1.0507434     -1.3073412     -1.5667624    -0.84369413     -1.2413200     -1.5809941     -1.8023732     -1.8254654     -1.6177354    

 Kinect energy matrix:
  469.30572      89.533562      12.952172      2.1658074     0.42489448     0.90872544E-01  9.9170543     0.63423188     0.83273237E-01 0.15715485E-01 0.36567404E-02 0.93431001E-03
  89.533562      86.046690      28.272881      6.4193996      1.4074844     0.31438932      23.106241      2.0616071     0.28853259     0.55449585E-01 0.12985914E-01 0.33269027E-02
  12.952172      28.272881      24.072763      10.032668      2.9320617     0.74278660      22.004006      4.0764614     0.68478519     0.13908549     0.33234452E-01 0.85866634E-02
  2.1658074      6.4193996      10.032668      8.2696438      3.9348738      1.3058115      10.149453      4.9486318      1.2165899     0.28259844     0.71089396E-01 0.18776472E-01
 0.42489448      1.4074844      2.9320617      3.9348738      3.2113447      1.6240130      3.1469727      3.5455838      1.5420598     0.46623669     0.13131661     0.36491755E-01
 0.90872544E-01 0.31438932     0.74278660      1.3058115      1.6240130      1.3226091     0.82038719      1.5947714      1.2888784     0.59073052     0.20699465     0.64104299E-01
  9.9170543      23.106241      22.004006      10.149453      3.1469727     0.82038719      20.449870      4.3258438     0.75712959     0.15582028     0.37415481E-01 0.96868920E-02
 0.63423188      2.0616071      4.0764614      4.9486318      3.5455838      1.5947714      4.3258438      4.0475630      1.5058028     0.41976860     0.11397459     0.31143567E-01
 0.83273237E-01 0.28853259     0.68478519      1.2165899      1.5420598      1.2888784     0.75712959      1.5058028      1.2579796     0.59274257     0.21118112     0.65981872E-01
 0.15715485E-01 0.55449585E-01 0.13908549     0.28259844     0.46623669     0.59073052     0.15582028     0.41976860     0.59274257     0.48399008     0.25819292     0.10317286    
 0.36567404E-02 0.12985914E-01 0.33234452E-01 0.71089396E-01 0.13131661     0.20699465     0.37415481E-01 0.11397459     0.21118112     0.25819292     0.21019722     0.11821263    
 0.93431001E-03 0.33269027E-02 0.85866634E-02 0.18776472E-01 0.36491755E-01 0.64104299E-01 0.96868920E-02 0.31143567E-01 0.65981872E-01 0.10317286     0.11821263     0.96348766E-01

 Transformation matrix X=S^(-1/2):
  1.2485317    -0.59975994     0.51109569    -0.47540226E-01 0.75411611E-01-0.74094559E-01-0.30379504    -0.50972721E-01 0.56757047E-01 0.46622066E-02-0.30525998E-02 0.93649625E-03
-0.59975994      2.0783012     -2.9626176     0.75976850E-01-0.54329374     0.51103788      1.8267557     0.50870725    -0.41707960    -0.20479352E-01 0.13416422E-01-0.40631864E-02
 0.51109569     -2.9626176      40.247634      13.289332      17.844884     -15.934317     -43.757774     -22.738848      14.069201    -0.13802261     0.39754179E-01-0.11254505E-01
-0.47540226E-01 0.75976850E-01  13.289332      15.395050      20.004692     -19.235412     -19.300512     -27.241309      17.807002    -0.52255995     0.16426745    -0.29866442E-01
 0.75411611E-01-0.54329374      17.844884      20.004692      82.078516     -114.19444     -23.271959     -80.425642      97.752448      2.0560627     -1.4510974     0.44580472    
-0.74094559E-01 0.51103788     -15.934317     -19.235412     -114.19444      465.33189      20.726199      97.647128     -443.67684      12.746366     -4.7333550      1.2838102    
-0.30379504      1.8267557     -43.757774     -19.300512     -23.271959      20.726199      52.291422      30.450108     -18.525595     0.31704156    -0.12120726     0.32671101E-01
-0.50972721E-01 0.50870725     -22.738848     -27.241309     -80.425642      97.647128      30.450108      87.867658     -85.580968    -0.61114176     0.78923708    -0.28379322    
 0.56757047E-01-0.41707960      14.069201      17.807002      97.752448     -443.67684     -18.525595     -85.580968      431.07547     -17.210947      6.7835516     -1.8410018    
 0.46622066E-02-0.20479352E-01-0.13802261    -0.52255995      2.0560627      12.746366     0.31704156    -0.61114176     -17.210947      7.0671221     -4.5225068      1.2753610    
-0.30525998E-02 0.13416422E-01 0.39754179E-01 0.16426745     -1.4510974     -4.7333550    -0.12120726     0.78923708      6.7835516     -4.5225068      5.8988515     -2.5437336    
 0.93649625E-03-0.40631864E-02-0.11254505E-01-0.29866442E-01 0.44580472      1.2838102     0.32671101E-01-0.28379322     -1.8410018      1.2753610     -2.5437336      2.4635662    

 XtSX:
  1.0000000    -0.13797790E-14 0.27806296E-14 0.34674310E-14 0.93626279E-14-0.26037115E-13-0.59636337E-14-0.10327351E-13 0.24161229E-13-0.12812017E-14 0.85283343E-15-0.48854150E-15
-0.13961784E-14  1.0000000    -0.41124957E-13-0.72652726E-14 0.33951683E-13-0.12568332E-12 0.43857442E-13-0.23320430E-13 0.11529709E-12-0.37955750E-14 0.19775848E-14-0.15517101E-14
 0.14486553E-13-0.85883788E-13  1.0000000     0.61498037E-12 0.11091410E-11-0.34560549E-11-0.14639244E-11-0.12508703E-11 0.33533436E-11-0.11954500E-12 0.48957366E-13-0.12453580E-13
 0.62862872E-14-0.11141729E-13 0.34227211E-12  1.0000000    -0.77255910E-13-0.19011251E-11-0.39433300E-12 0.62905844E-13 0.19747745E-11-0.12705809E-12 0.59570404E-13-0.16195378E-13
 0.10593346E-13 0.74035558E-13-0.43330302E-13 0.17292895E-12  1.0000000    -0.93579380E-11-0.32706693E-13-0.58165799E-12 0.94201452E-11-0.44041160E-12 0.18561541E-12-0.38524739E-13
-0.61724280E-13-0.19689052E-12-0.39408472E-12-0.18998258E-12 0.13944471E-11  1.0000000     0.58622118E-12-0.10509163E-11 0.98713815E-11-0.72758466E-12 0.19456659E-12-0.83266727E-15
-0.68737681E-14 0.43615024E-13-0.51889120E-12-0.18794157E-12-0.46599660E-12 0.41910616E-11  1.0000000     0.38716816E-12-0.41693263E-11 0.15179698E-12-0.51134444E-13 0.67966466E-14
-0.13868823E-13-0.15395468E-13-0.14810469E-11-0.93425094E-12-0.13020175E-11 0.48336890E-11 0.18756188E-11  1.0000000    -0.49365650E-11 0.20795171E-12-0.82697738E-13 0.16098234E-14
 0.36810290E-13 0.29081062E-12-0.56159634E-12-0.43587876E-12-0.73407322E-11 0.24611813E-10 0.36731425E-12 0.58380661E-11  1.0000000     0.35665915E-13 0.25002223E-12-0.11163293E-12
-0.14505541E-14-0.11053983E-13 0.40420358E-13 0.91437274E-14 0.16180113E-12-0.11861068E-11-0.38161314E-13-0.11686485E-12 0.11399215E-11  1.0000000     0.10991208E-13-0.77715612E-15
 0.12342558E-14 0.23149885E-14 0.43459160E-13 0.53086008E-13 0.16536772E-12-0.10380585E-12-0.59941635E-13-0.17924551E-12 0.69833028E-13 0.42188475E-14  1.0000000    -0.37747583E-14
-0.67188009E-15-0.15256893E-14-0.41442544E-14-0.20330959E-14-0.28865799E-14 0.14210855E-13 0.50411064E-14 0.26645353E-14-0.25091040E-13 0.17763568E-14-0.13322676E-14  1.0000000    

 Initial Fock matrix F = Hcore:
  356.40094      36.066262     -10.198870     -8.5661632     -4.9109601     -2.6633679     -10.719862     -5.7017819     -2.5697622     -1.2824502    -0.69124948    -0.38627511    
  36.066262      37.701698    -0.79045344     -8.8068597     -6.5071872     -3.8426086     -3.4855360     -7.2658478     -3.7181298     -1.9193465     -1.0468569    -0.58786634    
 -10.198870    -0.79045344     -1.4982174     -7.0478729     -7.0280520     -4.7586727     -2.4638511     -7.4191936     -4.6273134     -2.5377104     -1.4149619    -0.80196890    
 -8.5661632     -8.8068597     -7.0478729     -6.7178084     -6.6861264     -5.2297441     -6.8709692     -6.8277665     -5.1206495     -3.0869250     -1.7897634     -1.0319669    
 -4.9109601     -6.5071872     -7.0280520     -6.6861264     -6.1282466     -5.1778226     -7.0157593     -6.2844166     -5.1036737     -3.4602412     -2.1373881     -1.2708495    
 -2.6633679     -3.8426086     -4.7586727     -5.2297441     -5.1778226     -4.6711621     -4.8576477     -5.2363978     -4.6284332     -3.5383521     -2.3965857     -1.5026582    
 -10.719862     -3.4855360     -2.4638511     -6.8709692     -7.0157593     -4.8576477     -3.1185073     -7.3505021     -4.7277955     -2.6226794     -1.4687435    -0.83400724    
 -5.7017819     -7.2658478     -7.4191936     -6.8277665     -6.2844166     -5.2363978     -7.3505021     -6.4377456     -5.1535957     -3.3890465     -2.0547213     -1.2101764    
 -2.5697622     -3.7181298     -4.6273134     -5.1206495     -5.1036737     -4.6284332     -4.7277955     -5.1535957     -4.5875142     -3.5316155     -2.4067696     -1.5150122    
 -1.2824502     -1.9193465     -2.5377104     -3.0869250     -3.4602412     -3.5383521     -2.6226794     -3.3890465     -3.5316155     -3.1417999     -2.4466081     -1.6992004    
-0.69124948     -1.0468569     -1.4149619     -1.7897634     -2.1373881     -2.3965857     -1.4687435     -2.0547213     -2.4067696     -2.4466081     -2.1792525     -1.7072528    
-0.38627511    -0.58786634    -0.80196890     -1.0319669     -1.2708495     -1.5026582    -0.83400724     -1.2101764     -1.5150122     -1.6992004     -1.7072528     -1.5213866    

 Transformed Fock matrix F':
  510.13649     -190.28285      105.95370     -15.683307      14.417011     -15.435733     -73.368667     -7.5156928      10.777813      1.0647254    -0.81894448     0.21272673    
 -190.28285      173.28908     -115.09527      15.486084     -11.382599      10.747676      37.465735      2.1396216     -8.4540674     -1.1468146     0.66615114    -0.26311173    
  105.95370     -115.09527      153.41729     -23.479178      15.118478     -16.816505     -80.719459     -11.236841      11.864921      1.3461444    -0.99127245     0.24438530    
 -15.683307      15.486084     -23.479178      21.955102      1.0606756     -1.6560013     -7.1306736     -12.663042      1.3029159     -1.0126642     0.47278820    -0.21396591    
  14.417011     -11.382599      15.118478      1.0606756      9.4577397     -8.0000083     -15.556202     -11.595174      4.9957441    -0.35184744    -0.13624101    -0.55929434E-01
 -15.435733      10.747676     -16.816505     -1.6560013     -8.0000083      7.6396241      12.402655      4.7813625     -6.8856947     -1.5291434     0.19564916    -0.21476010    
 -73.368667      37.465735     -80.719459     -7.1306736     -15.556202      12.402655      73.359692      10.235479     -9.8500495    -0.93141748     0.29638804    -0.11332566    
 -7.5156928      2.1396216     -11.236841     -12.663042     -11.595174      4.7813625      10.235479      18.309405     -7.9725195     0.92496169    -0.58278672     0.52203390E-01
  10.777813     -8.4540674      11.864921      1.3029159      4.9957441     -6.8856947     -9.8500495     -7.9725195      4.6638709    -0.64586405    -0.37604038    -0.39501674E-01
  1.0647254     -1.1468146      1.3461444     -1.0126642    -0.35184744     -1.5291434    -0.93141748     0.92496169    -0.64586405    -0.48259783    -0.75530249    -0.13251395    
-0.81894448     0.66615114    -0.99127245     0.47278820    -0.13624101     0.19564916     0.29638804    -0.58278672    -0.37604038    -0.75530249    -0.78981162    -0.35948947    
 0.21272673    -0.26311173     0.24438530    -0.21396591    -0.55929434E-01-0.21476010    -0.11332566     0.52203390E-01-0.39501674E-01-0.13251395    -0.35948947    -0.83180732    

 Orbitals energies:
              1 -7.9964680    
              2 -1.9995538    
              3-0.88863979    
              4-0.44720154    
              5 0.48436952    
              6  2.9185166    
              7  7.8893526    
              8  17.394964    
              9  36.774700    
             10  77.099024    
             11  178.18919    
             12  660.70582    

 Transformed coefficients C':
 0.59780560E-01-0.22568151E-01 0.12327452E-01 0.11039148E-01 0.20948761E-01 0.30694367E-01-0.48398176E-01 0.65524127E-01 0.10068860    -0.15431454    -0.50332195     0.83686450    
 0.18032411    -0.69358992E-01 0.37807780E-01 0.33736153E-01 0.58936548E-01 0.94125537E-01-0.12972739     0.22279166     0.41636362    -0.65294284    -0.33070902    -0.41502417    
 0.33875619    -0.13744093     0.75319817E-01 0.67691842E-01 0.12335506     0.17993747    -0.29588999     0.18901078     0.29668109    -0.84190867E-01 0.70630892     0.30207448    
 0.46652401    -0.17648651     0.89696947E-01 0.71498002E-01 0.14264329     0.24079812    -0.16153809    -0.44914459    -0.60514297    -0.24443209    -0.66450959E-01-0.39157348E-01
 0.40939414    -0.52275637E-01 0.25939352E-02-0.12818147E-01 0.49131149E-01-0.69323390     0.34999265     0.36298367    -0.24914869    -0.14796984     0.82727902E-01 0.37940680E-01
 0.25571740     0.30030979    -0.25146102    -0.25288340    -0.24977646    -0.41759018    -0.60855080    -0.26457234     0.14159435     0.11268527    -0.76855921E-01-0.38519901E-01
 0.36319676    -0.14878661     0.81863898E-01 0.74817752E-01 0.13943610     0.19165794    -0.20631344     0.44784876    -0.27280398E-01 0.62356692    -0.33800314    -0.17468909    
 0.43616567    -0.98660185E-01 0.34952424E-01 0.37145185E-01-0.10652889     0.26214354E-01 0.50450130    -0.47871829     0.49746737     0.22464382    -0.58016662E-01-0.19781841E-01
 0.24611786     0.32996797    -0.26926483    -0.22504031    -0.58885103     0.43367407     0.22673273     0.27733322    -0.17545287    -0.95399171E-01 0.59912407E-01 0.28036726E-01
 0.11073398     0.63431025    -0.27924322    -0.57156182E-01 0.68298460     0.12248259     0.14672047    -0.13161934E-01 0.30144103E-01 0.37242504E-02 0.65760672E-02 0.30045744E-02
 0.53027226E-01 0.49008063     0.36454740     0.75140856    -0.22609997    -0.63411448E-01-0.63792964E-01-0.49382110E-02-0.15432910E-01-0.27216749E-02-0.36890913E-02-0.20343965E-02
 0.26718016E-01 0.26162019     0.79382751    -0.54720133     0.24420946E-01 0.19132297E-01 0.16220157E-01 0.27954268E-02 0.35877989E-02 0.12842817E-02 0.11843063E-02 0.59492064E-03

 New coefficients C=XC':
 0.11149136E-01-0.39631837E-02 0.21691160E-02 0.20498057E-02 0.28303970E-02 0.68867451E-02-0.39622501E-02 0.17163305E-01 0.27887477E-03-0.58249831E-01 0.55100841E-01  1.5114226    
 0.60050567E-01-0.22053667E-01 0.11953080E-01 0.90158398E-02 0.29971161E-01 0.47805605E-02-0.96123790E-01-0.43670357E-01 0.36330104     0.39742491     -3.2393743     -2.6436296    
 0.19977662    -0.75829822E-01 0.49694734E-01 0.14036251    -0.51402197      1.5614662      2.9694285      6.8971125     -16.576939     -42.954208      47.918958      23.073293    
 0.40689789    -0.19379802     0.12810406     0.31667114     -1.0434480      3.5028616      6.4690736      17.303229     -29.222255     -29.907753      20.662327      9.2479595    
 0.37529014    -0.16940938     0.26043298      2.2678841     -12.915641      34.942616      76.566805      109.44789     -100.08835     -72.954309      45.391097      20.814994    
 0.75002735E-01 -1.7511591     0.94393562E-01 -18.613181      137.03416     -306.60090     -368.80208     -319.47833      227.77494      152.30281     -94.468252     -44.534232    
-0.35653813E-04-0.57004616E-02-0.73074336E-02-0.14139422     0.83122054     -2.0473475     -4.4868663     -9.4454316      25.143679      54.251377     -54.141979     -25.411337    
 0.91449084E-02-0.86166887E-01-0.59622118E-01 -1.5482655      9.6738767     -24.732788     -58.007984     -99.138433      101.67401      78.038896     -49.075872     -22.329179    
 0.91406394E-02  1.9673541    -0.30093008      18.671600     -140.76417      302.87054      352.62193      299.85121     -212.27857     -141.72014      87.962536      41.520956    
-0.32516859E-02 0.76696423     -1.2286667     -3.9229267      12.949015     -13.142961     -9.8394552     -6.8273933      4.5542066      3.0266795     -1.9060615    -0.91645013    
 0.16767496E-02 0.15433855     0.78978433      5.8069885     -7.4400827      4.9930892      3.2128442      2.1345971     -1.4217666    -0.95204239     0.60508679     0.29337391    
-0.47818003E-03-0.81603477E-02 0.83533108     -3.2595349      2.3205850     -1.2896516    -0.79457549    -0.52481782     0.35132610     0.23654436    -0.15106856    -0.73534764E-01
 ******************
 Entering SCF cycle
 ******************

 :::::::::::::::: Step number           1 ::::::::::::::::

 Density matrix guess:
 0.28002011E-03 0.15138293E-02 0.50557283E-02 0.10609234E-01 0.97111224E-02 0.15552761E-01 0.44388935E-04 0.88690605E-03-0.15390151E-01-0.61517472E-02-0.11859554E-02 0.54019325E-04
 0.15138293E-02 0.81848697E-02 0.27338050E-01 0.57416813E-01 0.52544968E-01 0.86246872E-01 0.24715010E-03 0.48989056E-02-0.85676944E-01-0.34219279E-01-0.66060826E-02 0.30250122E-03
 0.50557283E-02 0.27338050E-01 0.91321716E-01 0.19196871     0.17564095     0.29554775     0.85028439E-03 0.16721917E-01-0.29471605    -0.11761674    -0.22736979E-01 0.10465370E-02
 0.10609234E-01 0.57416813E-01 0.19196871     0.40624714     0.37107194     0.73977923     0.21804614E-02 0.40840032E-01-0.75510005    -0.29991851    -0.58456480E-01 0.27737776E-02
 0.97111224E-02 0.52544968E-01 0.17564095     0.37107194     0.33908445     0.64962111     0.19046623E-02 0.36058945E-01-0.65971569    -0.26230251    -0.51034261E-01 0.24059663E-02
 0.15552761E-01 0.86246872E-01 0.29554775     0.73977923     0.64962111      6.1443670     0.19959482E-01 0.30315564     -6.8889288     -2.6866405    -0.54029119     0.28508404E-01
 0.44388935E-04 0.24715010E-03 0.85028439E-03 0.21804614E-02 0.19046623E-02 0.19959482E-01 0.64993068E-04 0.98172996E-03-0.22430305E-01-0.87438684E-02-0.17597216E-02 0.93069596E-04
 0.88690605E-03 0.48989056E-02 0.16721917E-01 0.40840032E-01 0.36058945E-01 0.30315564     0.98172996E-03 0.15016723E-01-0.33887438    -0.13223331    -0.26567078E-01 0.13975577E-02
-0.15390151E-01-0.85676944E-01-0.29471605    -0.75510005    -0.65971569     -6.8889288    -0.22430305E-01-0.33887438      7.7411315      3.0177210     0.60730782    -0.32117329E-01
-0.61517472E-02-0.34219279E-01-0.11761674    -0.29991851    -0.26230251     -2.6866405    -0.87438684E-02-0.13223331      3.0177210      1.1764894     0.23673339    -0.12514280E-01
-0.11859554E-02-0.66060826E-02-0.22736979E-01-0.58456480E-01-0.51034261E-01-0.54029119    -0.17597216E-02-0.26567078E-01 0.60730782     0.23673339     0.47646400E-01-0.25205161E-02
 0.54019325E-04 0.30250122E-03 0.10465370E-02 0.27737776E-02 0.24059663E-02 0.28508404E-01 0.93069596E-04 0.13975577E-02-0.32117329E-01-0.12514280E-01-0.25205161E-02 0.13363986E-03

 Coulomb  matrix:
  9.8121677      5.9757741      2.7365252      1.2881810     0.64369519     0.33288744      2.4478473     0.76371384     0.32067618     0.15703283     0.84082526E-01 0.46857062E-01
  5.9757741      9.2475181      6.7301887      3.7588016      1.9981683      1.0586168      6.2441747      2.3459537      1.0206377     0.50486236     0.27129861     0.15141431    
  2.7365252      6.7301887      8.1941699      6.2958209      3.8840041      2.1955068      8.0666706      4.4388879      2.1216642      1.0797318     0.58623337     0.32860274    
  1.2881810      3.7588016      6.2958209      6.8139304      5.3406046      3.4423823      6.5269124      5.8118232      3.3436264      1.8158191      1.0106812     0.57258040    
 0.64369519      1.9981683      3.8840041      5.3406046      5.4186698      4.2624050      4.1476913      5.5426747      4.1773055      2.5674935      1.5066823     0.87409200    
 0.33288744      1.0586168      2.1955068      3.4423823      4.2624050      4.1841543      2.3781780      4.1265114      4.1499608      3.0856785      1.9991154      1.2178134    
  2.4478473      6.2441747      8.0666706      6.5269124      4.1476913      2.3781780      8.0094979      4.7134688      2.2994022      1.1778555     0.64105647     0.35970029    
 0.76371384      2.3459537      4.4388879      5.8118232      5.5426747      4.1265114      4.7134688      5.7597372      4.0335114      2.3870824      1.3771950     0.79276264    
 0.32067618      1.0206377      2.1216642      3.3436264      4.1773055      4.1499608      2.2994022      4.0335114      4.1189907      3.1010980      2.0239979      1.2377898    
 0.15703283     0.50486236      1.0797318      1.8158191      2.5674935      3.0856785      1.1778555      2.3870824      3.1010980      2.9795302      2.3165763      1.5741301    
 0.84082526E-01 0.27129861     0.58623337      1.0106812      1.5066823      1.9991154     0.64105647      1.3771950      2.0239979      2.3165763      2.1513272      1.6838876    
 0.46857062E-01 0.15141431     0.32860274     0.57258040     0.87409200      1.2178134     0.35970029     0.79276264      1.2377898      1.5741301      1.6838876      1.5330226    

 Exact exchange  matrix:
  1.1655325      1.7850432      1.8255676      1.5027545      1.0444995     0.62266203      1.7962165      1.1622596     0.60177554     0.28899954     0.14021469     0.70593620E-01
  1.7850432      3.5694170      4.1634313      3.6154700      2.5711962      1.5503253      4.1413928      2.8489263      1.4990391     0.72521552     0.35356081     0.17864419    
  1.8255676      4.1634313      5.5026883      5.1535291      3.8192655      2.3660903      5.5496894      4.1961866      2.2910210      1.1384540     0.56867603     0.29332618    
  1.5027545      3.6154700      5.1535291      5.1724601      4.0577512      2.6616646      5.2538493      4.3969959      2.5864203      1.3877779     0.74677783     0.40946499    
  1.0444995      2.5711962      3.8192655      4.0577512      3.4402835      2.5172346      3.9217759      3.6457787      2.4639532      1.5399768     0.94284848     0.56624714    
 0.62266203      1.5503253      2.3660903      2.6616646      2.5172346      2.1710716      2.4438765      2.5797751      2.1473606      1.6284467      1.1340653     0.73434476    
  1.7962165      4.1413928      5.5496894      5.2538493      3.9217759      2.4438765      5.6071986      4.3019062      2.3671383      1.1845568     0.59575769     0.30909408    
  1.1622596      2.8489263      4.1961866      4.3969959      3.6457787      2.5797751      4.3019062      3.8893331      2.5195564      1.5052407     0.88964188     0.52208255    
 0.60177554      1.4990391      2.2910210      2.5864203      2.4639532      2.1473606      2.3671383      2.5195564      2.1252335      1.6290727      1.1416530     0.74175138    
 0.28899954     0.72521552      1.1384540      1.3877779      1.5399768      1.6284467      1.1845568      1.5052407      1.6290727      1.4845412      1.1409147     0.77710983    
 0.14021469     0.35356081     0.56867603     0.74677783     0.94284848      1.1340653     0.59575769     0.88964188      1.1416530      1.1409147     0.91642324     0.63794974    
 0.70593620E-01 0.17864419     0.29332618     0.40946499     0.56624714     0.73434476     0.30909408     0.52208255     0.74175138     0.77710983     0.63794974     0.44891501    
 Calculated number of electrons:
   4.0007817628175681     

 Exchange-correlation potential matrix:
 -6.5963103     -3.8336916     -1.7009713    -0.79336992    -0.39523708    -0.20416266     -1.5183877    -0.46916749    -0.19666565    -0.96260287E-01-0.51533515E-01-0.28716324E-01
 -3.8336916     -4.5996507     -3.2115332     -1.7683835    -0.93522817    -0.49447702     -2.9706048     -1.0989712    -0.47670364    -0.23560401    -0.12656871    -0.70630315E-01
 -1.7009713     -3.2115332     -3.5968859     -2.6292806     -1.5836645    -0.88572569     -3.5085684     -1.8178559    -0.85560719    -0.43338024    -0.23489750    -0.13157263    
-0.79336992     -1.7683835     -2.6292806     -2.5614723     -1.8733827     -1.1644851     -2.6810617     -2.0671596     -1.1295163    -0.60283999    -0.33335491    -0.18833118    
-0.39523708    -0.93522817     -1.5836645     -1.8733827     -1.6889094     -1.2439826     -1.6552985     -1.7707939     -1.2160971    -0.72445659    -0.42024097    -0.24261167    
-0.20416266    -0.49447702    -0.88572569     -1.1644851     -1.2439826     -1.1278605    -0.93672086     -1.2420896     -1.1153671    -0.79912314    -0.50993957    -0.30845539    
 -1.5183877     -2.9706048     -3.5085684     -2.6810617     -1.6552985    -0.93672086     -3.4480665     -1.8911822    -0.90525985    -0.46099393    -0.25035917    -0.14035040    
-0.46916749     -1.0989712     -1.8178559     -2.0671596     -1.7707939     -1.2420896     -1.8911822     -1.8816993     -1.2113252    -0.69660524    -0.39760982    -0.22784034    
-0.19666565    -0.47670364    -0.85560719     -1.1295163     -1.2160971     -1.1153671    -0.90525985     -1.2113252     -1.1037830    -0.80038537    -0.51425774    -0.31216546    
-0.96260287E-01-0.23560401    -0.43338024    -0.60283999    -0.72445659    -0.79912314    -0.46099393    -0.69660524    -0.80038537    -0.72609323    -0.53959823    -0.35528711    
-0.51533515E-01-0.12656871    -0.23489750    -0.33335491    -0.42024097    -0.50993957    -0.25035917    -0.39760982    -0.51425774    -0.53959823    -0.45127668    -0.32073862    
-0.28716324E-01-0.70630315E-01-0.13157263    -0.18833118    -0.24261167    -0.30845539    -0.14035040    -0.22784034    -0.31216546    -0.35528711    -0.32073862    -0.24054556    

 Fock matrix F:
  359.61680      38.208345     -9.1633159     -8.0713522     -4.6625020     -2.5346431     -9.7904025     -5.4072355     -2.4457517     -1.2216777    -0.65870047    -0.36813437    
  38.208345      42.349565      2.7282021     -6.8164415     -5.4442471     -3.2784688    -0.21196611     -6.0188653     -3.1741957     -1.6500882    -0.90212705    -0.50708234    
 -9.1633159      2.7282021      3.0990666     -3.3813326     -4.7277124     -3.4488916      2.0942511     -4.7981615     -3.3612564     -1.8913589     -1.0636261    -0.60493879    
 -8.0713522     -6.8164415     -3.3813326     -2.4653503     -3.2189045     -2.9518470     -3.0251185     -3.0831029     -2.9065394     -1.8739458     -1.1124372    -0.64771766    
 -4.6625020     -5.4442471     -4.7277124     -3.2189045     -2.3984862     -2.1594002     -4.5233664     -2.5125358     -2.1424653     -1.6172043     -1.0509467    -0.63936916    
 -2.5346431     -3.2784688     -3.4488916     -2.9518470     -2.1594002     -1.6148683     -3.4161906     -2.3519760     -1.5938395     -1.2517967    -0.90740986    -0.59330012    
 -9.7904025    -0.21196611      2.0942511     -3.0251185     -4.5233664     -3.4161906      1.4429241     -4.5282155     -3.3336532     -1.9058178     -1.0780462    -0.61465734    
 -5.4072355     -6.0188653     -4.7981615     -3.0831029     -2.5125358     -2.3519760     -4.5282155     -2.5597078     -2.3314096     -1.6985693     -1.0751361    -0.64525409    
 -2.4457517     -3.1741957     -3.3612564     -2.9065394     -2.1424653     -1.5938395     -3.3336532     -2.3314096     -1.5723066     -1.2309029    -0.89702944    -0.58938792    
 -1.2216777     -1.6500882     -1.8913589     -1.8739458     -1.6172043     -1.2517967     -1.9058178     -1.6985693     -1.2309029    -0.88836288    -0.66963002    -0.48035733    
-0.65870047    -0.90212705     -1.0636261     -1.1124372     -1.0509467    -0.90740986     -1.0780462     -1.0751361    -0.89702944    -0.66963002    -0.47920196    -0.34410379    
-0.36813437    -0.50708234    -0.60493879    -0.64771766    -0.63936916    -0.59330012    -0.61465734    -0.64525409    -0.58938792    -0.48035733    -0.34410379    -0.22890956    

 Transformed Fock matrix F':
  513.46819     -190.82080      106.02490     -15.722216      14.429433     -15.465045     -73.539373     -7.5417103      10.790987      1.0639963    -0.82062852     0.21258491    
 -190.82080      178.65623     -115.47841      15.561296     -11.440157      10.823279      37.858942      2.1556042     -8.4971201     -1.1468065     0.67108115    -0.26348351    
  106.02490     -115.47841      158.07922     -23.596486      15.256280     -16.931748     -80.649825     -11.147694      11.956716      1.3786583     -1.0025190     0.25104507    
 -15.722216      15.561296     -23.596486      25.651912      1.3992459     -1.6758575     -6.8177079     -12.462117      1.3461789    -0.98705752     0.50014218    -0.21729834    
  14.429433     -11.440157      15.256280      1.3992459      11.902540     -7.8183582     -15.637195     -11.147653      5.4868025    -0.38297590    -0.67147258E-01-0.47125074E-01
 -15.465045      10.823279     -16.931748     -1.6758575     -7.8183582      9.6332032      12.574641      5.0415917     -6.4475906     -1.4508497     0.35382588    -0.20461251    
 -73.539373      37.858942     -80.649825     -6.8177079     -15.637195      12.574641      77.509729      10.316474     -9.8922964    -0.95763673     0.31586412    -0.11311450    
 -7.5417103      2.1556042     -11.147694     -12.462117     -11.147653      5.0415917      10.316474      21.327323     -8.0007312      1.0851698    -0.62139369     0.86392484E-01
  10.790987     -8.4971201      11.956716      1.3461789      5.4868025     -6.4475906     -9.8922964     -8.0007312      6.4206739    -0.36086742    -0.36471700     0.37733870E-01
  1.0639963     -1.1468065      1.3786583    -0.98705752    -0.38297590     -1.4508497    -0.95763673      1.0851698    -0.36086742      1.0256454    -0.53125045    -0.62713052E-01
-0.82062852     0.67108115     -1.0025190     0.50014218    -0.67147258E-01 0.35382588     0.31586412    -0.62139369    -0.36471700    -0.53125045     0.32376298    -0.15898889    
 0.21258491    -0.26348351     0.25104507    -0.21729834    -0.47125074E-01-0.20461251    -0.11311450     0.86392484E-01 0.37733870E-01-0.62713052E-01-0.15898889     0.45879921E-01

 Orbitals energies:
              1 -3.8852933    
              2-0.13317231    
              3 0.17697600    
              4 0.74867578    
              5  2.1531259    
              6  5.0252503    
              7  10.434569    
              8  20.425512    
              9  40.337348    
             10  81.093821    
             11  182.49769    
             12  665.16981    

 Transformed coefficients C':
 0.55957721E-01-0.12032858E-01 0.83615770E-02-0.14140658E-01 0.23012153E-01-0.31750215E-01-0.49718228E-01-0.67070236E-01 0.10223784    -0.15504466    -0.50526766     0.83555927    
 0.16728835    -0.36940818E-01 0.25516320E-01-0.45281615E-01 0.65326349E-01-0.97745010E-01-0.13072615    -0.22175354     0.41675066    -0.65636315    -0.33107860    -0.41684070    
 0.31401051    -0.72137430E-01 0.50087517E-01-0.87149359E-01 0.13714520    -0.18588461    -0.31608811    -0.20680584     0.30311259    -0.89772761E-01 0.70596475     0.30286129    
 0.44115066    -0.10141412     0.73878703E-01-0.11006795     0.16332708    -0.28128549    -0.24212797     0.40767248    -0.62002422    -0.23748727    -0.67290153E-01-0.39369876E-01
 0.41832684    -0.73424823E-01 0.57999265E-01-0.30277415E-01 0.23306935     0.59833728     0.44913427    -0.33754065    -0.24126290    -0.14485698     0.81936601E-01 0.37970633E-01
 0.29661506     0.71571943E-01-0.59628986E-01 0.28830903    -0.30562233     0.57842107    -0.54655546     0.23610277     0.13515800     0.11058910    -0.76098559E-01-0.38565365E-01
 0.33688836    -0.77990736E-01 0.53337789E-01-0.94372792E-01 0.15581021    -0.21293740    -0.21292650    -0.46823126    -0.33981783E-02 0.62521989    -0.33596765    -0.17518403    
 0.43384334    -0.89098682E-01 0.44908193E-01-0.14592558    -0.32854191E-01-0.10040872     0.45465945     0.52651385     0.48361064     0.21894162    -0.56844996E-01-0.19772605E-01
 0.28798792     0.81540120E-01-0.11758139     0.16154220    -0.79294403    -0.28172895     0.22485414    -0.26608188    -0.16758958    -0.92852924E-01 0.59228861E-01 0.28044851E-01
 0.14693766     0.39673586    -0.36105836     0.69640258     0.38415125    -0.20342471     0.12398583     0.20470759E-01 0.29341365E-01 0.33350582E-02 0.66202294E-02 0.30145798E-02
 0.71962458E-01 0.60575054    -0.51504439    -0.59379169     0.15698462E-02 0.80831884E-01-0.56850262E-01 0.17449594E-02-0.15264673E-01-0.24739976E-02-0.37188377E-02-0.20454362E-02
 0.35621097E-01 0.65382355     0.75503095     0.11803775E-01-0.17347381E-01-0.21769781E-01 0.15489438E-01-0.20553726E-02 0.35465250E-02 0.12106629E-02 0.11996854E-02 0.59755542E-03

 New coefficients C=XC':
 0.11003189E-01-0.22802055E-02 0.14448905E-02-0.31040631E-02 0.32071643E-02-0.77845471E-02-0.43052624E-02-0.18372595E-01 0.94019340E-03-0.59972650E-01 0.51924842E-01  1.5114507    
 0.55455370E-01-0.11537989E-01 0.99926524E-02-0.82956475E-02 0.36115844E-01-0.14659575E-02-0.10196265     0.50144011E-01 0.36873521     0.40412505     -3.2326045     -2.6499119    
 0.19975804    -0.50631827E-01-0.76999653E-01-0.37702982    -0.74221363     -1.8169642      3.2688290     -7.2984229     -16.892121     -42.894646      47.742531      23.129670    
 0.37915968    -0.11065473    -0.15327442    -0.79543567     -1.5500298     -4.0146706      7.2157306     -17.834057     -29.027361     -29.603630      20.531096      9.2659802    
 0.43866557    -0.31684764     -2.0770099     -7.1196202     -18.004834     -40.889285      79.574195     -107.50617     -97.563731     -71.750471      45.008507      20.844929    
-0.36339480E-02  1.3065798      19.886566      64.925321      182.57263      316.93110     -353.89756      303.76893      219.70531      149.26711     -93.543289     -44.580868    
-0.22994673E-01 0.14076668E-01 0.14827565     0.46171577      1.1584282      2.4098675     -4.9080985      10.028569      25.513732      54.105152     -53.921896     -25.471971    
-0.66419518E-01 0.14689689      1.6065830      5.1270540      13.366323      29.199065     -61.674134      98.456128      99.507899      76.851733     -48.684302     -22.363957    
 0.16647546     -1.4411713     -20.051888     -66.205599     -185.26993     -310.54727      337.10642     -284.73361     -204.67849     -138.87579      87.095787      41.563653    
 0.73655009E-02 0.34944192      2.0669317      8.5840572      12.880538      11.789206     -8.9327861      6.3786411      4.3694871      2.9597903     -1.8853903    -0.91711288    
 0.51769477E-03 0.35588905     -3.8819938     -7.0329444     -5.9662308     -4.1733064      2.8558348     -1.9815188     -1.3606946    -0.92978204     0.59812645     0.29352695    
-0.24882486E-03 0.51160430      2.8616282      2.5296971      1.6223044      1.0417008    -0.69921859     0.48536778     0.33563349     0.23078648    -0.14925812    -0.73562543E-01

 Kinetic energy:
   19.968752116918537     

 Nuclear-elctron potential energy:
  -39.960795841705433     

 ===> One-electron energy:
  -19.992043724786900     

 Coulomb energy:
   9.5576129634188227     

 Exchange-correlation energy
  -3.6229036291753167     

 HF exact exchange energy:
   3.2757487080412098     

 ===> Two-electron energy:
   5.9347093342435056     

 ===> Total energy:
  -14.057334390543394     

 :::::::::::::::: Step number           2 ::::::::::::::::

 Density matrix guess:
 0.25253902E-03 0.12729898E-02 0.46268531E-02 0.88485625E-02 0.11098396E-01-0.60385107E-02-0.57022486E-03-0.21315633E-02 0.10235855E-01-0.14315108E-02-0.16116078E-02-0.23386016E-02
 0.12729898E-02 0.64168465E-02 0.23323692E-01 0.44606347E-01 0.55964292E-01-0.30553649E-01-0.28751890E-02-0.10756427E-01 0.51720352E-01-0.72468009E-02-0.81550699E-02-0.11833367E-01
 0.46268531E-02 0.23323692E-01 0.84933717E-01 0.16268569     0.20733910    -0.13376086    -0.10612197E-01-0.41410982E-01 0.21244789    -0.32443130E-01-0.35831798E-01-0.51906330E-01
 0.88485625E-02 0.44606347E-01 0.16268569     0.31201306     0.40276997    -0.29191416    -0.20552605E-01-0.82876879E-01 0.44518641    -0.71749404E-01-0.78369037E-01-0.11341156    
 0.11098396E-01 0.55964292E-01 0.20733910     0.40276997     0.58563981    -0.83116158    -0.29094260E-01-0.15135978      1.0593175    -0.21497771    -0.22507102    -0.32441953    
-0.60385107E-02-0.30553649E-01-0.13376086    -0.29191416    -0.83116158      3.4143277     0.36951701E-01 0.38434774     -3.7672203     0.91309395     0.92999108      1.3369054    
