
 Overlap matrix S:
  1.0000000     0.60623553     0.25493668     0.95592581E-01
 0.60623553      1.0000000     0.71227932     0.32373562    
 0.25493668     0.71227932      1.0000000     0.72017711    
 0.95592581E-01 0.32373562     0.72017711      1.0000000    

 Nuclear matrix N:
 -21.679608     -10.086729     -3.9932795     -1.4735785    
 -10.086729     -9.1466230     -5.1453279     -2.1585170    
 -3.9932795     -5.1453279     -4.5502111     -2.5944188    
 -1.4735785     -2.1585170     -2.5944188     -2.2915510    

 Kinect energy matrix:
  17.303503      3.1701443     0.37225000     0.36552671E-01
  3.1701443      3.0800144     0.87044380     0.11778020    
 0.37225000     0.87044380     0.76224447     0.22212177    
 0.36552671E-01 0.11778020     0.22212177     0.19332599    

 Transformation matrix X=S^(-1/2):
  1.2248878    -0.52290970     0.16013810    -0.42431159E-01
-0.52290970      1.7136660    -0.84202135     0.19535008    
 0.16013810    -0.84202135      1.9227374    -0.73708543    
-0.42431159E-01 0.19535008    -0.73708543      1.3872984    

 XtSX:
  1.0000000    -0.31398495E-15 0.73552275E-15-0.38163916E-15
-0.13964524E-15  1.0000000     0.12767565E-14-0.69388939E-15
 0.56898930E-15 0.49960036E-15  1.0000000    -0.11102230E-15
-0.40939474E-15-0.36082248E-15  0.0000000      1.0000000    

 Initial Fock matrix F = Hcore:
 -4.3761051     -6.9165848     -3.6210295     -1.4370258    
 -6.9165848     -6.0666086     -4.2748841     -2.0407368    
 -3.6210295     -4.2748841     -3.7879667     -2.3722970    
 -1.4370258     -2.0407368     -2.3722970     -2.0982250    

 Transformed Fock matrix F':
-0.78748673E-01 -6.8374994     0.12620754    -0.42665425    
 -6.8374994    -0.52620132     -2.4247273    -0.22631908E-01
 0.12620754     -2.4247273     -1.5495996    -0.76117520    
-0.42665425    -0.22631908E-01-0.76117520     -1.3016840    

 Orbitals energies:
              1 -7.6519504    
              2 -1.9466668    
              3-0.80111758    
              4  6.9435012    

 Transformed coefficients C':
 0.64125333    -0.27314583     0.21477067     0.68414844    
 0.71046652    -0.10199530    -0.35894876E-01-0.69537460    
 0.27889650     0.70445391    -0.61676292     0.21345942    
 0.79045781E-01 0.64709582     0.75643150    -0.53199194E-01

 New coefficients C=XC':
 0.45526152    -0.19588579     0.15097626      1.2380635    
 0.66278954    -0.49871029     0.49327901     -1.7395175    
-0.17557674E-01 0.91965612     -1.6788105      1.1447172    
 0.15670117E-01 0.37013741      1.4878782    -0.39601169    
 ******************
 Entering SCF cycle
 ******************

 :::::::::::::::: Step number           1 ::::::::::::::::

 Density matrix guess:
 0.49126859     0.79886566    -0.37628180    -0.13074132    
 0.79886566      1.3760038    -0.94055803    -0.34841069    
-0.37628180    -0.94055803      1.6921513     0.68024800    
-0.13074132    -0.34841069     0.68024800     0.27449450    

 Coulomb  matrix:
  7.5461325      4.1926809      1.7231272     0.64207639    
  4.1926809      5.2670111      3.2920321      1.4277710    
  1.7231272      3.2920321      3.4661115      2.1206642    
 0.64207639      1.4277710      2.1206642      2.0680748    

 Exact exchange  matrix:
  5.3382297      3.8482516      1.7196660     0.57462095    
  3.8482516      3.3907877      1.9729703     0.90366254    
  1.7196660      1.9729703      1.7698353      1.1388952    
 0.57462095     0.90366254      1.1388952     0.87224982    
 Calculated number of electrons:
   3.9986586879602406     

 Exchange-correlation potential matrix:
 -1.8736770    -0.96725263    -0.38960104    -0.14437317    
-0.96725263    -0.96402750    -0.55362061    -0.23442541    
-0.38960104    -0.55362061    -0.52293240    -0.30459164    
-0.14437317    -0.23442541    -0.30459164    -0.25148166    

 Fock matrix F:
  1.2963504     -3.6911566     -2.2875033    -0.93932258    
 -3.6911566     -1.7636251     -1.5364726    -0.84739120    
 -2.2875033     -1.5364726    -0.84478760    -0.55622453    
-0.93932258    -0.84739120    -0.55622453    -0.28163188    

 Transformed Fock matrix F':
  5.5965103     -6.5729249     0.23943794    -0.41259693    
 -6.5729249      3.4080913     -2.0730586     0.85396531E-01
 0.23943794     -2.0730586     0.81501770    -0.46694919    
-0.41259693     0.85396531E-01-0.46694919     0.83441119E-01

 Orbitals energies:
              1 -2.8017096    
              2 0.35286744E-01
              3  1.2649223    
              4  11.404561    

 Transformed coefficients C':
 0.55882997    -0.12861529    -0.34164210     0.74461255    
 0.72063118    -0.16247653    -0.17734051    -0.65026335    
 0.39181093     0.18303620     0.88978678     0.14581299    
 0.12199984     0.96101885    -0.24517444    -0.38056513E-01

 New coefficients C=XC':
 0.36524627    -0.84044831E-01-0.17284838      1.2770609    
 0.63662305    -0.17756160    -0.92236875     -1.6339113    
 0.14612835    -0.24020996      1.9861554     0.97518745    
-0.24843841E-02  1.1720241     -1.0161262    -0.31889615    

 Kinetic energy:
   17.439736162272190     

 Nuclear-elctron potential energy:
  -36.636970472495335     

 ===> One-electron energy:
  -19.197234310223141     

 Coulomb energy:
   9.1595739316750198     

 Exchange-correlation energy
  -2.7372244804384693     

 HF exact exchange energy:
   3.1087359822039300     

 ===> Two-electron energy:
   6.4223494512365509     

 ===> Total energy:
  -12.774884858986590     

 :::::::::::::::: Step number           2 ::::::::::::::::

 Density matrix guess:
 0.28093674     0.49489465     0.14712248    -0.19881996    
 0.49489465     0.87363405     0.27136147    -0.41937618    
 0.14712248     0.27136147     0.15810863    -0.56378981    
-0.19881996    -0.41937618    -0.56378981      2.7472935    

 Coulomb  matrix:
  6.2654528      3.5083262      1.4444232     0.53847450    
  3.5083262      4.4696088      2.8016203      1.2161800    
  1.4444232      2.8016203      2.9778453      1.8445450    
 0.53847450      1.2161800      1.8445450      1.8723270    

 Exact exchange  matrix:
  4.2429354      3.4777076      1.8377431     0.70501052    
  3.4777076      3.3138285      1.9409368     0.84474152    
  1.8377431      1.9409368      1.4156937     0.89786179    
 0.70501052     0.84474152     0.89786179     0.88375066    
 Calculated number of electrons:
   3.9983492583795361     

 Exchange-correlation potential matrix:
 -1.7160886    -0.90200015    -0.36504376    -0.13544589    
-0.90200015    -0.92797871    -0.52202966    -0.21819072    
-0.36504376    -0.52202966    -0.45607371    -0.26683069    
-0.13544589    -0.21819072    -0.26683069    -0.25712617    

 Fock matrix F:
 0.17325906     -4.3102588     -2.5416501     -1.0339972    
 -4.3102588     -2.5249786     -1.9952934     -1.0427475    
 -2.5416501     -1.9952934     -1.2661950    -0.79458276    
 -1.0339972     -1.0427475    -0.79458276    -0.48302421    

 Transformed Fock matrix F':
  4.4667577     -6.6327461     0.20777021    -0.41486848    
 -6.6327461      2.7355149     -2.1569774     0.56051548E-01
 0.20777021     -2.1569774     0.53066571    -0.51173439    
-0.41486848     0.56051548E-01-0.51173439    -0.44956358E-01

 Orbitals energies:
              1 -3.6799341    
              2-0.13813384    
              3 0.94598086    
              4  10.560069    

 Transformed coefficients C':
 0.58450737    -0.14680692    -0.32213446     0.73008784    
 0.72242001    -0.15206200    -0.12300202    -0.66321714    
 0.35404563     0.27323477     0.88003516     0.15978917    
 0.10541419     0.93843894    -0.32655477    -0.39776839E-01

 New coefficients C=XC':
 0.39041889    -0.96371074E-01-0.17547639      1.2683545    
 0.65482074    -0.23056210    -0.84713803     -1.6606190    
 0.88346312E-01-0.61820894E-01  1.9847596      1.0119094    
 0.16025553E-02  1.0770214     -1.1120499    -0.33349861    

 Kinetic energy:
   11.559569814301016     

 Nuclear-elctron potential energy:
  -29.725788000581367     

 ===> One-electron energy:
  -18.166218186280354     

 Coulomb energy:
   6.6918052197753131     

 Exchange-correlation energy
  -2.1272105796365577     

 HF exact exchange energy:
   2.4434702472077805     

 ===> Two-electron energy:
   4.5645946401387558     

 ===> Total energy:
  -13.601623546141598     

 :::::::::::::::: Step number           3 ::::::::::::::::

 Density matrix guess:
 0.32342858     0.55574780     0.80899629E-01-0.20633608    
 0.55574780     0.96389816     0.14420910    -0.49454185    
 0.80899629E-01 0.14420910     0.23253787E-01-0.13288169    
-0.20633608    -0.49454185    -0.13288169      2.3199552    

 Coulomb  matrix:
  6.5201887      3.6406229      1.4978457     0.55828575    
  3.6406229      4.6064271      2.8809522      1.2497774    
  1.4978457      2.8809522      3.0506417      1.8851318    
 0.55828575      1.2497774      1.8851318      1.9012382    

 Exact exchange  matrix:
  4.5212229      3.6014582      1.8381395     0.68428920    
  3.6014582      3.3352430      1.9166855     0.83801648    
  1.8381395      1.9166855      1.4308898     0.93265963    
 0.68428920     0.83801648     0.93265963     0.90192504    
 Calculated number of electrons:
   3.9986060193523252     

 Exchange-correlation potential matrix:
 -1.7572489    -0.91958103    -0.37170042    -0.13786887    
-0.91958103    -0.93356903    -0.52448719    -0.21941153    
-0.37170042    -0.52448719    -0.46352730    -0.27215301    
-0.13786887    -0.21941153    -0.27215301    -0.25865399    

 Fock matrix F:
 0.38683465     -4.1955430     -2.4948842     -1.0166089    
 -4.1955430     -2.3937506     -1.9184191     -1.0103710    
 -2.4948842     -1.9184191     -1.2008523    -0.75931824    
 -1.0166089     -1.0103710    -0.75931824    -0.45564084    

 Transformed Fock matrix F':
  4.6824726     -6.6199687     0.21495868    -0.41444854    
 -6.6199687      2.8469204     -2.1413264     0.61763006E-01
 0.21495868     -2.1413264     0.57070103    -0.50529087    
-0.41444854     0.61763006E-01-0.50529087    -0.29094808E-01

 Orbitals energies:
              1 -3.5201766    
              2-0.11391731    
              3 0.99350474    
              4  10.711588    

 Transformed coefficients C':
 0.57924845    -0.14358648    -0.32567785     0.73334036    
 0.72268458    -0.15472205    -0.13328880    -0.66031976    
 0.36121666     0.25716567     0.88247215     0.15694344    
 0.10826243     0.94303225    -0.31210724    -0.39477680E-01

 New coefficients C=XC':
 0.38486646    -0.93803608E-01-0.17466035      1.2703550    
 0.65254230    -0.22237670    -0.86214294     -1.6549000    
 0.98970007E-01-0.93347691E-01  1.9868905      1.0042985    
 0.54306749E-03  1.0945817     -1.0956624    -0.33055805    

 Kinetic energy:
   12.675772698082383     

 Nuclear-elctron potential energy:
  -31.159233876129690     

 ===> One-electron energy:
  -18.483461178047307     

 Coulomb energy:
   7.0914758008766920     

 Exchange-correlation energy
  -2.2398878098295509     

 HF exact exchange energy:
   2.5742314738339562     

 ===> Two-electron energy:
   4.8515879910471416     

 ===> Total energy:
  -13.631873187000165     

 :::::::::::::::: Step number           4 ::::::::::::::::

 Density matrix guess:
 0.31384262     0.54400276     0.93693173E-01-0.20493340    
 0.54400276     0.95052569     0.17068093    -0.48611018    
 0.93693173E-01 0.17068093     0.37017707E-01-0.20424585    
-0.20493340    -0.48611018    -0.20424585      2.3962187    

 Coulomb  matrix:
  6.4705925      3.6150804      1.4875529     0.55447089    
  3.6150804      4.5805451      2.8660387      1.2434729    
  1.4875529      2.8660387      3.0370815      1.8776028    
 0.55447089      1.2434729      1.8776028      1.8959136    

 Exact exchange  matrix:
  4.4655015      3.5779375      1.8380108     0.68779612    
  3.5779375      3.3327017      1.9215794     0.83903528    
  1.8380108      1.9215794      1.4280329     0.92642573    
 0.68779612     0.83903528     0.92642573     0.89911093    
 Calculated number of electrons:
   3.9985601973322917     

 Exchange-correlation potential matrix:
 -1.7490448    -0.91616755    -0.37041908    -0.13740363    
-0.91616755    -0.93267785    -0.52411715    -0.21921937    
-0.37041908    -0.52411715    -0.46222488    -0.27122989    
-0.13740363    -0.21921937    -0.27122989    -0.25844646    

 Fock matrix F:
 0.34544261     -4.2176720     -2.5038957     -1.0199585    
 -4.2176720     -2.4187414     -1.9329625     -1.0164833    
 -2.5038957     -1.9329625     -1.2131100    -0.76592416    
 -1.0199585     -1.0164833    -0.76592416    -0.46075790    

 Transformed Fock matrix F':
  4.6406279     -6.6224636     0.21349866    -0.41453307    
 -6.6224636      2.8257867     -2.1442406     0.60681673E-01
 0.21349866     -2.1442406     0.56326234    -0.50650576    
-0.41453307     0.60681673E-01-0.50650576    -0.32048265E-01

 Orbitals energies:
              1 -3.5507736    
              2-0.11843374    
              3 0.98449424    
              4  10.682342    

 Transformed coefficients C':
 0.58030150    -0.14416869    -0.32498250     0.73270181    
 0.72263959    -0.15419096    -0.13127407    -0.66089658    
 0.35978436     0.26021041     0.88206862     0.15748242    
 0.10769128     0.94219482    -0.31481495    -0.39535540E-01

 New coefficients C=XC':
 0.38597471    -0.94271350E-01-0.17481188      1.2699632    
 0.65300900    -0.22388948    -0.85924314     -1.6560197    
 0.96843576E-01-0.87416626E-01  1.9865253      1.0057609    
 0.75296996E-03  1.0913041     -1.0987572    -0.33112118    

 Kinetic energy:
   12.445477675847561     

 Nuclear-elctron potential energy:
  -30.874378868189979     

 ===> One-electron energy:
  -18.428901192342419     

 Coulomb energy:
   7.0136398463801424     

 Exchange-correlation energy
  -2.2175401493276055     

 HF exact exchange energy:
   2.5484326971246927     

 ===> Two-electron energy:
   4.7960996970525365     

 ===> Total energy:
  -13.632801495289883     

 :::::::::::::::: Step number           5 ::::::::::::::::

 Density matrix guess:
 0.31572713     0.54630265     0.91240110E-01-0.20517617    
 0.54630265     0.95309451     0.16562278    -0.48767964    
 0.91240110E-01 0.16562278     0.34040690E-01-0.19065041    
-0.20517617    -0.48767964    -0.19065041      2.3818906    

 Coulomb  matrix:
  6.4802684      3.6200516      1.4895547     0.55521269    
  3.6200516      4.5855297      2.8688938      1.2446773    
  1.4895547      2.8688938      3.0396497      1.8790236    
 0.55521269      1.2446773      1.8790236      1.8969149    

 Exact exchange  matrix:
  4.4765419      3.5826536      1.8381152     0.68715816    
  3.5826536      3.3332236      1.9205688     0.83879258    
  1.8381152      1.9205688      1.4284283     0.92753862    
 0.68715816     0.83879258     0.92753862     0.89962920    
 Calculated number of electrons:
   3.9985688062206144     

 Exchange-correlation potential matrix:
 -1.7506741    -0.91684623    -0.37067391    -0.13749617    
-0.91684623    -0.93284830    -0.52417844    -0.21925077    
-0.37067391    -0.52417844    -0.46245357    -0.27139529    
-0.13749617    -0.21925077    -0.27139529    -0.25848278    

 Fock matrix F:
 0.35348914     -4.2133794     -2.5021487     -1.0193093    
 -4.2133794     -2.4139273     -1.9301687     -1.0153103    
 -2.5021487     -1.9301687     -1.2107706    -0.76466873    
 -1.0193093     -1.0153103    -0.76466873    -0.45979290    

 Transformed Fock matrix F':
  4.6487647     -6.6219733     0.21378686    -0.41451660    
 -6.6219733      2.8298423     -2.1436787     0.60891881E-01
 0.21378686     -2.1436787     0.56467136    -0.50627620    
-0.41451660     0.60891881E-01-0.50627620    -0.31496378E-01

 Orbitals energies:
              1 -3.5448512    
              2-0.11758103    
              3 0.98621472    
              4  10.688000    

 Transformed coefficients C':
 0.58009504    -0.14405732    -0.32511742     0.73282733    
 0.72264971    -0.15429620    -0.13166580    -0.66078302    
 0.36006366     0.25962351     0.88214629     0.15737765    
 0.10780214     0.94235652    -0.31429399    -0.39524431E-01

 New coefficients C=XC':
 0.38575656    -0.94180747E-01-0.17478196      1.2700404    
 0.65292078    -0.22360229    -0.85980751     -1.6558004    
 0.97257296E-01-0.88557816E-01  1.9865989      1.0054758    
 0.71164340E-03  1.0919358     -1.0981626    -0.33101169    

 Kinetic energy:
   12.490561382401557     

 Nuclear-elctron potential energy:
  -30.930157856852972     

 ===> One-electron energy:
  -18.439596474451417     

 Coulomb energy:
   7.0286258910197486     

 Exchange-correlation energy
  -2.2219013191584285     

 HF exact exchange energy:
   2.5534848658573819     

 ===> Two-electron energy:
   4.8067245718613201     

 ===> Total energy:
  -13.632871902590097     

 :::::::::::::::: Step number           6 ::::::::::::::::

 Density matrix guess:
 0.31535628     0.54585501     0.91716163E-01-0.20512961    
 0.54585501     0.95260706     0.16660608    -0.48738939    
 0.91716163E-01 0.16660608     0.34602937E-01-0.19326047    
-0.20512961    -0.48738939    -0.19326047      2.3846484    

 Coulomb  matrix:
  6.4783841      3.6190844      1.4891653     0.55506841    
  3.6190844      4.5845628      2.8683407      1.2444441    
  1.4891653      2.8683407      3.0391533      1.8787492    
 0.55506841      1.2444441      1.8787492      1.8967218    

 Exact exchange  matrix:
  4.4743833      3.5817331      1.8380925     0.68727990    
  3.5817331      3.3331253      1.9207676     0.83884044    
  1.8380925      1.9207676      1.4283562     0.92732608    
 0.68727990     0.83884044     0.92732608     0.89953070    
 Calculated number of electrons:
   3.9985671491750527     

 Exchange-correlation potential matrix:
 -1.7503556    -0.91671374    -0.37062419    -0.13747811    
-0.91671374    -0.93281570    -0.52416710    -0.21924495    
-0.37062419    -0.52416710    -0.46241013    -0.27136377    
-0.13747811    -0.21924495    -0.27136377    -0.25847603    

 Fock matrix F:
 0.35192345     -4.2142142     -2.5024883     -1.0194355    
 -4.2142142     -2.4148616     -1.9307105     -1.0155377    
 -2.5024883     -1.9307105     -1.2112235    -0.76491158    
 -1.0194355     -1.0155377    -0.76491158    -0.45997930    

 Transformed Fock matrix F':
  4.6471812     -6.6220689     0.21373048    -0.41451982    
 -6.6220689      2.8290559     -2.1437876     0.60851039E-01
 0.21373048     -2.1437876     0.56439909    -0.50632058    
-0.41451982     0.60851039E-01-0.50632058    -0.31602802E-01

 Orbitals energies:
              1 -3.5460019    
              2-0.11774576    
              3 0.98588137    
              4  10.686900    

 Transformed coefficients C':
 0.58013535    -0.14407883    -0.32509115     0.73280284    
 0.72264772    -0.15427562    -0.13158952    -0.66080520    
 0.36000918     0.25973738     0.88213137     0.15739801    
 0.10778053     0.94232522    -0.31439496    -0.39526588E-01

 New coefficients C=XC':
 0.38579917    -0.94198294E-01-0.17478778      1.2700253    
 0.65293794    -0.22365778    -0.85969769     -1.6558431    
 0.97176612E-01-0.88336560E-01  1.9865846      1.0055312    
 0.71971067E-03  1.0918133     -1.0982779    -0.33103298    

 Kinetic energy:
   12.481745062234289     

 Nuclear-elctron potential energy:
  -30.919275051886402     

 ===> One-electron energy:
  -18.437529989652113     

 Coulomb energy:
   7.0257132274873744     

 Exchange-correlation energy
  -2.2210509453836127     

 HF exact exchange energy:
   2.5524995557693844     

 ===> Two-electron energy:
   4.8046622821037612     

 ===> Total energy:
  -13.632867707548352     

 ******************
 End of  SCF cycle
 ******************
