 _______________________________________________________________
 |                                                             |
 | Program ATOM for calculation of the energy of a single atom |
 |     Developed as a part of  Dr. Hélio Duarte's DFT class    |
 |        ministered at the Chemistry Department of UFMG       |
 |                                                             |
 | By Taís Christofani                                         |
 |_____________________________________________________________|


 ******************
 INPUT INFORMATION
 ******************

 Atomic number:
           4

 Number of electron:
           4

 Number of basis functions:
          12

 Convergence criteria:
   1.0000000000000001E-005

 Maximum number of iterations:
        1000

 Cx
 -0.93000000000000005     

 Mixing coefficient for hybrid functional
   0.0000000000000000     

 Gaussian functions coefficients:
   312.87049370000000     
   57.364462529999997     
   16.048509400000000     
   5.5130961190000001     
   2.1408965530000001     
  0.88173942829999996     
   13.633247440000000     
   2.6983754640000002     
  0.83865308289999996     
  0.32266006980000000     
  0.14013148819999999     
   6.4232513899999996E-002


 ******************
 OUTPUT INFORMATION
 ******************

 * For detailed output information check .log file

 Number of SCF cycles for convergence:

           8

 Charge:
           0

 Ionization potential:
  0.33371286317919374     

 Electron affinity:
  -6.8570035482108049E-002

 Chemical potential
 -0.13257141384854285     

 Density:
 0.27349658E-03 0.13812027E-02 0.50686782E-02 0.95560892E-02 0.10377487E-01-0.10822161E-02-0.59838035E-03-0.10215659E-02 0.46180581E-02-0.15438101E-02-0.29867191E-02-0.12554706E-02
 0.13812027E-02 0.69753880E-02 0.25600194E-01 0.48272079E-01 0.52455403E-01-0.55964690E-02-0.30234896E-02-0.51793207E-02 0.23486257E-01-0.79248624E-02-0.15328423E-01-0.64415044E-02
 0.50686782E-02 0.25600194E-01 0.94011061E-01 0.17745893     0.19370535    -0.23876255E-01-0.11135462E-01-0.19522395E-01 0.90372992E-01-0.32351307E-01-0.62490728E-01-0.26215180E-01
 0.95560892E-02 0.48272079E-01 0.17745893     0.33562014     0.36926788    -0.56276918E-01-0.21128836E-01-0.38545168E-01 0.18449713    -0.72020377E-01-0.13886253    -0.58115474E-01
 0.10377487E-01 0.52455403E-01 0.19370535     0.36926788     0.41956391    -0.11244848    -0.23559875E-01-0.49785448E-01 0.26469141    -0.12847523    -0.24673222    -0.10272618    
-0.10822161E-02-0.55964690E-02-0.23876255E-01-0.56276918E-01-0.11244848     0.20177162     0.47333718E-02 0.34538903E-01-0.26578124     0.19948191     0.38088735     0.15737314    
-0.59838035E-03-0.30234896E-02-0.11135462E-01-0.21128836E-01-0.23559875E-01 0.47333718E-02 0.13375263E-02 0.26003735E-02-0.13068544E-01 0.56939830E-02 0.10955461E-01 0.45723997E-02
-0.10215659E-02-0.51793207E-02-0.19522395E-01-0.38545168E-01-0.49785448E-01 0.34538903E-01 0.26003735E-02 0.85250908E-02-0.55469920E-01 0.35627419E-01 0.68148209E-01 0.28224098E-01
 0.46180581E-02 0.23486257E-01 0.90372992E-01 0.18449713     0.26469141    -0.26578124    -0.13068544E-01-0.55469920E-01 0.38817147    -0.26841663    -0.51297516    -0.21220414    
-0.15438101E-02-0.79248624E-02-0.32351307E-01-0.72020377E-01-0.12847523     0.19948191     0.56939830E-02 0.35627419E-01-0.26841663     0.19805706     0.37823578     0.15631552    
-0.29867191E-02-0.15328423E-01-0.62490728E-01-0.13886253    -0.24673222     0.38088735     0.10955461E-01 0.68148209E-01-0.51297516     0.37823578     0.72233439     0.29852611    
-0.12554706E-02-0.64415044E-02-0.26215180E-01-0.58115474E-01-0.10272618     0.15737314     0.45723997E-02 0.28224098E-01-0.21220414     0.15631552     0.29852611     0.12337647    

 Orbital energies:
              1                -4.7092411    
              2               -0.33371286    
              3                0.68570035E-01
              4                0.58196870    
              5                 1.9160730    
              6                 4.7131964    
              7                 10.039956    
              8                 19.919492    
              9                 39.668332    
             10                 80.250066    
             11                 181.44435    
             12                 663.90572    

 Total energy:
  -14.773250847747855     

 ---------------------------------------------
 CPU time:  0.35640900000000003      seconds
