
 Overlap matrix S:
  1.0000000     0.61565089     0.28282059     0.13325672     0.66607913E-01 0.34450332E-01 0.25303797     0.79023089E-01 0.33186728E-01 0.16252081E-01 0.87022515E-02 0.48495786E-02
 0.61565089      1.0000000     0.75152600     0.42543220     0.22732114     0.12067880     0.69921408     0.26665222     0.11635756     0.57606010E-01 0.30965292E-01 0.17284227E-01
 0.28282059     0.75152600      1.0000000     0.81497831     0.51741618     0.29623148     0.99502983     0.58823943     0.28639983     0.14657516     0.79745693E-01 0.44738666E-01
 0.13325672     0.42543220     0.81497831      1.0000000     0.85056276     0.57260191     0.86181169     0.91051470     0.55710674     0.30903301     0.17339987     0.98575390E-01
 0.66607913E-01 0.22732114     0.51741618     0.85056276      1.0000000     0.86679856     0.56692100     0.99003030     0.85300697     0.55425147     0.33281096     0.19505493    
 0.34450332E-01 0.12067880     0.29623148     0.57260191     0.86679856      1.0000000     0.33019820     0.79989232     0.99952954     0.83359146     0.57063438     0.35690201    
 0.25303797     0.69921408     0.99502983     0.86181169     0.56692100     0.33019820      1.0000000     0.64014337     0.31944264     0.16478447     0.89915702E-01 0.50506778E-01
 0.79023089E-01 0.26665222     0.58823943     0.91051470     0.99003030     0.79989232     0.64014337      1.0000000     0.78451399     0.48550862     0.28519285     0.16546612    
 0.33186728E-01 0.11635756     0.28639983     0.55710674     0.85300697     0.99952954     0.31944264     0.78451399      1.0000000     0.84794299     0.58627704     0.36863694    
 0.16252081E-01 0.57606010E-01 0.14657516     0.30903301     0.55425147     0.83359146     0.16478447     0.48550862     0.84794299      1.0000000     0.88090195     0.64199921    
 0.87022515E-02 0.30965292E-01 0.79745693E-01 0.17339987     0.33281096     0.57063438     0.89915702E-01 0.28519285     0.58627704     0.88090195      1.0000000     0.89465663    
 0.48495786E-02 0.17284227E-01 0.44738666E-01 0.98575390E-01 0.19505493     0.35690201     0.50506778E-01 0.16546612     0.36863694     0.64199921     0.89465663      1.0000000    

 Nuclear matrix N:
 -112.90478     -53.467300     -23.151042     -10.731971     -5.3358546     -2.7542404     -20.636916     -6.3360137     -2.6530355     -1.2981657    -0.69490622    -0.38720942    
 -53.467300     -48.344992     -29.063335     -15.226259     -7.9146717     -4.1569979     -26.591777     -9.3274549     -4.0066624     -1.9747961     -1.0598429    -0.59119324    
 -23.151042     -29.063335     -25.570980     -17.080541     -9.9601137     -5.5014593     -24.467857     -11.495655     -5.3120986     -2.6767959     -1.4481964    -0.81055556    
 -10.731971     -15.226259     -17.080541     -14.987452     -10.621000     -6.5355556     -17.020423     -11.776398     -6.3372394     -3.3695234     -1.8608528     -1.0507434    
 -5.3358546     -7.9146717     -9.9601137     -10.621000     -9.3395913     -6.8018357     -10.162732     -9.8300004     -6.6457335     -3.9264779     -2.2687047     -1.3073412    
 -2.7542404     -4.1569979     -5.5014593     -6.5355556     -6.8018357     -5.9937712     -5.6780349     -6.8311692     -5.9173116     -4.1290826     -2.6035803     -1.5667624    
 -20.636916     -26.591777     -24.467857     -17.020423     -10.162732     -5.6780349     -23.568378     -11.676346     -5.4849251     -2.7784997     -1.5061590    -0.84369413    
 -6.3360137     -9.3274549     -11.495655     -11.776398     -9.8300004     -6.8311692     -11.676346     -10.485309     -6.6593985     -3.8088151     -2.1686958     -1.2413200    
 -2.6530355     -4.0066624     -5.3120986     -6.3372394     -6.6457335     -5.9173116     -5.4849251     -6.6593985     -5.8454938     -4.1243580     -2.6179507     -1.5809941    
 -1.2981657     -1.9747961     -2.6767959     -3.3695234     -3.9264779     -4.1290826     -2.7784997     -3.8088151     -4.1243580     -3.6257899     -2.7048010     -1.8023732    
-0.69490622     -1.0598429     -1.4481964     -1.8608528     -2.2687047     -2.6035803     -1.5061590     -2.1686958     -2.6179507     -2.7048010     -2.3894497     -1.8254654    
-0.38720942    -0.59119324    -0.81055556     -1.0507434     -1.3073412     -1.5667624    -0.84369413     -1.2413200     -1.5809941     -1.8023732     -1.8254654     -1.6177354    

 Kinect energy matrix:
  469.30572      89.533562      12.952172      2.1658074     0.42489448     0.90872544E-01  9.9170543     0.63423188     0.83273237E-01 0.15715485E-01 0.36567404E-02 0.93431001E-03
  89.533562      86.046690      28.272881      6.4193996      1.4074844     0.31438932      23.106241      2.0616071     0.28853259     0.55449585E-01 0.12985914E-01 0.33269027E-02
  12.952172      28.272881      24.072763      10.032668      2.9320617     0.74278660      22.004006      4.0764614     0.68478519     0.13908549     0.33234452E-01 0.85866634E-02
  2.1658074      6.4193996      10.032668      8.2696438      3.9348738      1.3058115      10.149453      4.9486318      1.2165899     0.28259844     0.71089396E-01 0.18776472E-01
 0.42489448      1.4074844      2.9320617      3.9348738      3.2113447      1.6240130      3.1469727      3.5455838      1.5420598     0.46623669     0.13131661     0.36491755E-01
 0.90872544E-01 0.31438932     0.74278660      1.3058115      1.6240130      1.3226091     0.82038719      1.5947714      1.2888784     0.59073052     0.20699465     0.64104299E-01
  9.9170543      23.106241      22.004006      10.149453      3.1469727     0.82038719      20.449870      4.3258438     0.75712959     0.15582028     0.37415481E-01 0.96868920E-02
 0.63423188      2.0616071      4.0764614      4.9486318      3.5455838      1.5947714      4.3258438      4.0475630      1.5058028     0.41976860     0.11397459     0.31143567E-01
 0.83273237E-01 0.28853259     0.68478519      1.2165899      1.5420598      1.2888784     0.75712959      1.5058028      1.2579796     0.59274257     0.21118112     0.65981872E-01
 0.15715485E-01 0.55449585E-01 0.13908549     0.28259844     0.46623669     0.59073052     0.15582028     0.41976860     0.59274257     0.48399008     0.25819292     0.10317286    
 0.36567404E-02 0.12985914E-01 0.33234452E-01 0.71089396E-01 0.13131661     0.20699465     0.37415481E-01 0.11397459     0.21118112     0.25819292     0.21019722     0.11821263    
 0.93431001E-03 0.33269027E-02 0.85866634E-02 0.18776472E-01 0.36491755E-01 0.64104299E-01 0.96868920E-02 0.31143567E-01 0.65981872E-01 0.10317286     0.11821263     0.96348766E-01

 Transformation matrix X=S^(-1/2):
  1.2485317    -0.59975994     0.51109569    -0.47540226E-01 0.75411611E-01-0.74094559E-01-0.30379504    -0.50972721E-01 0.56757047E-01 0.46622066E-02-0.30525998E-02 0.93649625E-03
-0.59975994      2.0783012     -2.9626176     0.75976850E-01-0.54329374     0.51103788      1.8267557     0.50870725    -0.41707960    -0.20479352E-01 0.13416422E-01-0.40631864E-02
 0.51109569     -2.9626176      40.247634      13.289332      17.844884     -15.934317     -43.757774     -22.738848      14.069201    -0.13802261     0.39754179E-01-0.11254505E-01
-0.47540226E-01 0.75976850E-01  13.289332      15.395050      20.004692     -19.235412     -19.300512     -27.241309      17.807002    -0.52255995     0.16426745    -0.29866442E-01
 0.75411611E-01-0.54329374      17.844884      20.004692      82.078516     -114.19444     -23.271959     -80.425642      97.752448      2.0560627     -1.4510974     0.44580472    
-0.74094559E-01 0.51103788     -15.934317     -19.235412     -114.19444      465.33189      20.726199      97.647128     -443.67684      12.746366     -4.7333550      1.2838102    
-0.30379504      1.8267557     -43.757774     -19.300512     -23.271959      20.726199      52.291422      30.450108     -18.525595     0.31704156    -0.12120726     0.32671101E-01
-0.50972721E-01 0.50870725     -22.738848     -27.241309     -80.425642      97.647128      30.450108      87.867658     -85.580968    -0.61114176     0.78923708    -0.28379322    
 0.56757047E-01-0.41707960      14.069201      17.807002      97.752448     -443.67684     -18.525595     -85.580968      431.07547     -17.210947      6.7835516     -1.8410018    
 0.46622066E-02-0.20479352E-01-0.13802261    -0.52255995      2.0560627      12.746366     0.31704156    -0.61114176     -17.210947      7.0671221     -4.5225068      1.2753610    
-0.30525998E-02 0.13416422E-01 0.39754179E-01 0.16426745     -1.4510974     -4.7333550    -0.12120726     0.78923708      6.7835516     -4.5225068      5.8988515     -2.5437336    
 0.93649625E-03-0.40631864E-02-0.11254505E-01-0.29866442E-01 0.44580472      1.2838102     0.32671101E-01-0.28379322     -1.8410018      1.2753610     -2.5437336      2.4635662    

 XtSX:
  1.0000000    -0.13797790E-14 0.27806296E-14 0.34674310E-14 0.93626279E-14-0.26037115E-13-0.59636337E-14-0.10327351E-13 0.24161229E-13-0.12812017E-14 0.85283343E-15-0.48854150E-15
-0.13961784E-14  1.0000000    -0.41124957E-13-0.72652726E-14 0.33951683E-13-0.12568332E-12 0.43857442E-13-0.23320430E-13 0.11529709E-12-0.37955750E-14 0.19775848E-14-0.15517101E-14
 0.14486553E-13-0.85883788E-13  1.0000000     0.61498037E-12 0.11091410E-11-0.34560549E-11-0.14639244E-11-0.12508703E-11 0.33533436E-11-0.11954500E-12 0.48957366E-13-0.12453580E-13
 0.62862872E-14-0.11141729E-13 0.34227211E-12  1.0000000    -0.77255910E-13-0.19011251E-11-0.39433300E-12 0.62905844E-13 0.19747745E-11-0.12705809E-12 0.59570404E-13-0.16195378E-13
 0.10593346E-13 0.74035558E-13-0.43330302E-13 0.17292895E-12  1.0000000    -0.93579380E-11-0.32706693E-13-0.58165799E-12 0.94201452E-11-0.44041160E-12 0.18561541E-12-0.38524739E-13
-0.61724280E-13-0.19689052E-12-0.39408472E-12-0.18998258E-12 0.13944471E-11  1.0000000     0.58622118E-12-0.10509163E-11 0.98713815E-11-0.72758466E-12 0.19456659E-12-0.83266727E-15
-0.68737681E-14 0.43615024E-13-0.51889120E-12-0.18794157E-12-0.46599660E-12 0.41910616E-11  1.0000000     0.38716816E-12-0.41693263E-11 0.15179698E-12-0.51134444E-13 0.67966466E-14
-0.13868823E-13-0.15395468E-13-0.14810469E-11-0.93425094E-12-0.13020175E-11 0.48336890E-11 0.18756188E-11  1.0000000    -0.49365650E-11 0.20795171E-12-0.82697738E-13 0.16098234E-14
 0.36810290E-13 0.29081062E-12-0.56159634E-12-0.43587876E-12-0.73407322E-11 0.24611813E-10 0.36731425E-12 0.58380661E-11  1.0000000     0.35665915E-13 0.25002223E-12-0.11163293E-12
-0.14505541E-14-0.11053983E-13 0.40420358E-13 0.91437274E-14 0.16180113E-12-0.11861068E-11-0.38161314E-13-0.11686485E-12 0.11399215E-11  1.0000000     0.10991208E-13-0.77715612E-15
 0.12342558E-14 0.23149885E-14 0.43459160E-13 0.53086008E-13 0.16536772E-12-0.10380585E-12-0.59941635E-13-0.17924551E-12 0.69833028E-13 0.42188475E-14  1.0000000    -0.37747583E-14
-0.67188009E-15-0.15256893E-14-0.41442544E-14-0.20330959E-14-0.28865799E-14 0.14210855E-13 0.50411064E-14 0.26645353E-14-0.25091040E-13 0.17763568E-14-0.13322676E-14  1.0000000    

 Initial Fock matrix F = Hcore:
  356.40094      36.066262     -10.198870     -8.5661632     -4.9109601     -2.6633679     -10.719862     -5.7017819     -2.5697622     -1.2824502    -0.69124948    -0.38627511    
  36.066262      37.701698    -0.79045344     -8.8068597     -6.5071872     -3.8426086     -3.4855360     -7.2658478     -3.7181298     -1.9193465     -1.0468569    -0.58786634    
 -10.198870    -0.79045344     -1.4982174     -7.0478729     -7.0280520     -4.7586727     -2.4638511     -7.4191936     -4.6273134     -2.5377104     -1.4149619    -0.80196890    
 -8.5661632     -8.8068597     -7.0478729     -6.7178084     -6.6861264     -5.2297441     -6.8709692     -6.8277665     -5.1206495     -3.0869250     -1.7897634     -1.0319669    
 -4.9109601     -6.5071872     -7.0280520     -6.6861264     -6.1282466     -5.1778226     -7.0157593     -6.2844166     -5.1036737     -3.4602412     -2.1373881     -1.2708495    
 -2.6633679     -3.8426086     -4.7586727     -5.2297441     -5.1778226     -4.6711621     -4.8576477     -5.2363978     -4.6284332     -3.5383521     -2.3965857     -1.5026582    
 -10.719862     -3.4855360     -2.4638511     -6.8709692     -7.0157593     -4.8576477     -3.1185073     -7.3505021     -4.7277955     -2.6226794     -1.4687435    -0.83400724    
 -5.7017819     -7.2658478     -7.4191936     -6.8277665     -6.2844166     -5.2363978     -7.3505021     -6.4377456     -5.1535957     -3.3890465     -2.0547213     -1.2101764    
 -2.5697622     -3.7181298     -4.6273134     -5.1206495     -5.1036737     -4.6284332     -4.7277955     -5.1535957     -4.5875142     -3.5316155     -2.4067696     -1.5150122    
 -1.2824502     -1.9193465     -2.5377104     -3.0869250     -3.4602412     -3.5383521     -2.6226794     -3.3890465     -3.5316155     -3.1417999     -2.4466081     -1.6992004    
-0.69124948     -1.0468569     -1.4149619     -1.7897634     -2.1373881     -2.3965857     -1.4687435     -2.0547213     -2.4067696     -2.4466081     -2.1792525     -1.7072528    
-0.38627511    -0.58786634    -0.80196890     -1.0319669     -1.2708495     -1.5026582    -0.83400724     -1.2101764     -1.5150122     -1.6992004     -1.7072528     -1.5213866    

 Transformed Fock matrix F':
  510.13649     -190.28285      105.95370     -15.683307      14.417011     -15.435733     -73.368667     -7.5156928      10.777813      1.0647254    -0.81894448     0.21272673    
 -190.28285      173.28908     -115.09527      15.486084     -11.382599      10.747676      37.465735      2.1396216     -8.4540674     -1.1468146     0.66615114    -0.26311173    
  105.95370     -115.09527      153.41729     -23.479178      15.118478     -16.816505     -80.719459     -11.236841      11.864921      1.3461444    -0.99127245     0.24438530    
 -15.683307      15.486084     -23.479178      21.955102      1.0606756     -1.6560013     -7.1306736     -12.663042      1.3029159     -1.0126642     0.47278820    -0.21396591    
  14.417011     -11.382599      15.118478      1.0606756      9.4577397     -8.0000083     -15.556202     -11.595174      4.9957441    -0.35184744    -0.13624101    -0.55929434E-01
 -15.435733      10.747676     -16.816505     -1.6560013     -8.0000083      7.6396241      12.402655      4.7813625     -6.8856947     -1.5291434     0.19564916    -0.21476010    
 -73.368667      37.465735     -80.719459     -7.1306736     -15.556202      12.402655      73.359692      10.235479     -9.8500495    -0.93141748     0.29638804    -0.11332566    
 -7.5156928      2.1396216     -11.236841     -12.663042     -11.595174      4.7813625      10.235479      18.309405     -7.9725195     0.92496169    -0.58278672     0.52203390E-01
  10.777813     -8.4540674      11.864921      1.3029159      4.9957441     -6.8856947     -9.8500495     -7.9725195      4.6638709    -0.64586405    -0.37604038    -0.39501674E-01
  1.0647254     -1.1468146      1.3461444     -1.0126642    -0.35184744     -1.5291434    -0.93141748     0.92496169    -0.64586405    -0.48259783    -0.75530249    -0.13251395    
-0.81894448     0.66615114    -0.99127245     0.47278820    -0.13624101     0.19564916     0.29638804    -0.58278672    -0.37604038    -0.75530249    -0.78981162    -0.35948947    
 0.21272673    -0.26311173     0.24438530    -0.21396591    -0.55929434E-01-0.21476010    -0.11332566     0.52203390E-01-0.39501674E-01-0.13251395    -0.35948947    -0.83180732    

 Orbitals energies:
              1 -7.9964680    
              2 -1.9995538    
              3-0.88863979    
              4-0.44720154    
              5 0.48436952    
              6  2.9185166    
              7  7.8893526    
              8  17.394964    
              9  36.774700    
             10  77.099024    
             11  178.18919    
             12  660.70582    

 Transformed coefficients C':
 0.59780560E-01-0.22568151E-01 0.12327452E-01 0.11039148E-01 0.20948761E-01 0.30694367E-01-0.48398176E-01 0.65524127E-01 0.10068860    -0.15431454    -0.50332195     0.83686450    
 0.18032411    -0.69358992E-01 0.37807780E-01 0.33736153E-01 0.58936548E-01 0.94125537E-01-0.12972739     0.22279166     0.41636362    -0.65294284    -0.33070902    -0.41502417    
 0.33875619    -0.13744093     0.75319817E-01 0.67691842E-01 0.12335506     0.17993747    -0.29588999     0.18901078     0.29668109    -0.84190867E-01 0.70630892     0.30207448    
 0.46652401    -0.17648651     0.89696947E-01 0.71498002E-01 0.14264329     0.24079812    -0.16153809    -0.44914459    -0.60514297    -0.24443209    -0.66450959E-01-0.39157348E-01
 0.40939414    -0.52275637E-01 0.25939352E-02-0.12818147E-01 0.49131149E-01-0.69323390     0.34999265     0.36298367    -0.24914869    -0.14796984     0.82727902E-01 0.37940680E-01
 0.25571740     0.30030979    -0.25146102    -0.25288340    -0.24977646    -0.41759018    -0.60855080    -0.26457234     0.14159435     0.11268527    -0.76855921E-01-0.38519901E-01
 0.36319676    -0.14878661     0.81863898E-01 0.74817752E-01 0.13943610     0.19165794    -0.20631344     0.44784876    -0.27280398E-01 0.62356692    -0.33800314    -0.17468909    
 0.43616567    -0.98660185E-01 0.34952424E-01 0.37145185E-01-0.10652889     0.26214354E-01 0.50450130    -0.47871829     0.49746737     0.22464382    -0.58016662E-01-0.19781841E-01
 0.24611786     0.32996797    -0.26926483    -0.22504031    -0.58885103     0.43367407     0.22673273     0.27733322    -0.17545287    -0.95399171E-01 0.59912407E-01 0.28036726E-01
 0.11073398     0.63431025    -0.27924322    -0.57156182E-01 0.68298460     0.12248259     0.14672047    -0.13161934E-01 0.30144103E-01 0.37242504E-02 0.65760672E-02 0.30045744E-02
 0.53027226E-01 0.49008063     0.36454740     0.75140856    -0.22609997    -0.63411448E-01-0.63792964E-01-0.49382110E-02-0.15432910E-01-0.27216749E-02-0.36890913E-02-0.20343965E-02
 0.26718016E-01 0.26162019     0.79382751    -0.54720133     0.24420946E-01 0.19132297E-01 0.16220157E-01 0.27954268E-02 0.35877989E-02 0.12842817E-02 0.11843063E-02 0.59492064E-03

 New coefficients C=XC':
 0.11149136E-01-0.39631837E-02 0.21691160E-02 0.20498057E-02 0.28303970E-02 0.68867451E-02-0.39622501E-02 0.17163305E-01 0.27887477E-03-0.58249831E-01 0.55100841E-01  1.5114226    
 0.60050567E-01-0.22053667E-01 0.11953080E-01 0.90158398E-02 0.29971161E-01 0.47805605E-02-0.96123790E-01-0.43670357E-01 0.36330104     0.39742491     -3.2393743     -2.6436296    
 0.19977662    -0.75829822E-01 0.49694734E-01 0.14036251    -0.51402197      1.5614662      2.9694285      6.8971125     -16.576939     -42.954208      47.918958      23.073293    
 0.40689789    -0.19379802     0.12810406     0.31667114     -1.0434480      3.5028616      6.4690736      17.303229     -29.222255     -29.907753      20.662327      9.2479595    
 0.37529014    -0.16940938     0.26043298      2.2678841     -12.915641      34.942616      76.566805      109.44789     -100.08835     -72.954309      45.391097      20.814994    
 0.75002735E-01 -1.7511591     0.94393562E-01 -18.613181      137.03416     -306.60090     -368.80208     -319.47833      227.77494      152.30281     -94.468252     -44.534232    
-0.35653813E-04-0.57004616E-02-0.73074336E-02-0.14139422     0.83122054     -2.0473475     -4.4868663     -9.4454316      25.143679      54.251377     -54.141979     -25.411337    
 0.91449084E-02-0.86166887E-01-0.59622118E-01 -1.5482655      9.6738767     -24.732788     -58.007984     -99.138433      101.67401      78.038896     -49.075872     -22.329179    
 0.91406394E-02  1.9673541    -0.30093008      18.671600     -140.76417      302.87054      352.62193      299.85121     -212.27857     -141.72014      87.962536      41.520956    
-0.32516859E-02 0.76696423     -1.2286667     -3.9229267      12.949015     -13.142961     -9.8394552     -6.8273933      4.5542066      3.0266795     -1.9060615    -0.91645013    
 0.16767496E-02 0.15433855     0.78978433      5.8069885     -7.4400827      4.9930892      3.2128442      2.1345971     -1.4217666    -0.95204239     0.60508679     0.29337391    
-0.47818003E-03-0.81603477E-02 0.83533108     -3.2595349      2.3205850     -1.2896516    -0.79457549    -0.52481782     0.35132610     0.23654436    -0.15106856    -0.73534764E-01
 ******************
 Entering SCF cycle
 ******************

 :::::::::::::::: Step number           1 ::::::::::::::::

 Density matrix guess:
 0.28002011E-03 0.15138293E-02 0.50557283E-02 0.10609234E-01 0.97111224E-02 0.15552761E-01 0.44388935E-04 0.88690605E-03-0.15390151E-01-0.61517472E-02-0.11859554E-02 0.54019325E-04
 0.15138293E-02 0.81848697E-02 0.27338050E-01 0.57416813E-01 0.52544968E-01 0.86246872E-01 0.24715010E-03 0.48989056E-02-0.85676944E-01-0.34219279E-01-0.66060826E-02 0.30250122E-03
 0.50557283E-02 0.27338050E-01 0.91321716E-01 0.19196871     0.17564095     0.29554775     0.85028439E-03 0.16721917E-01-0.29471605    -0.11761674    -0.22736979E-01 0.10465370E-02
 0.10609234E-01 0.57416813E-01 0.19196871     0.40624714     0.37107194     0.73977923     0.21804614E-02 0.40840032E-01-0.75510005    -0.29991851    -0.58456480E-01 0.27737776E-02
 0.97111224E-02 0.52544968E-01 0.17564095     0.37107194     0.33908445     0.64962111     0.19046623E-02 0.36058945E-01-0.65971569    -0.26230251    -0.51034261E-01 0.24059663E-02
 0.15552761E-01 0.86246872E-01 0.29554775     0.73977923     0.64962111      6.1443670     0.19959482E-01 0.30315564     -6.8889288     -2.6866405    -0.54029119     0.28508404E-01
 0.44388935E-04 0.24715010E-03 0.85028439E-03 0.21804614E-02 0.19046623E-02 0.19959482E-01 0.64993068E-04 0.98172996E-03-0.22430305E-01-0.87438684E-02-0.17597216E-02 0.93069596E-04
 0.88690605E-03 0.48989056E-02 0.16721917E-01 0.40840032E-01 0.36058945E-01 0.30315564     0.98172996E-03 0.15016723E-01-0.33887438    -0.13223331    -0.26567078E-01 0.13975577E-02
-0.15390151E-01-0.85676944E-01-0.29471605    -0.75510005    -0.65971569     -6.8889288    -0.22430305E-01-0.33887438      7.7411315      3.0177210     0.60730782    -0.32117329E-01
-0.61517472E-02-0.34219279E-01-0.11761674    -0.29991851    -0.26230251     -2.6866405    -0.87438684E-02-0.13223331      3.0177210      1.1764894     0.23673339    -0.12514280E-01
-0.11859554E-02-0.66060826E-02-0.22736979E-01-0.58456480E-01-0.51034261E-01-0.54029119    -0.17597216E-02-0.26567078E-01 0.60730782     0.23673339     0.47646400E-01-0.25205161E-02
 0.54019325E-04 0.30250122E-03 0.10465370E-02 0.27737776E-02 0.24059663E-02 0.28508404E-01 0.93069596E-04 0.13975577E-02-0.32117329E-01-0.12514280E-01-0.25205161E-02 0.13363986E-03

 Coulomb  matrix:
  9.8121677      5.9757741      2.7365252      1.2881810     0.64369519     0.33288744      2.4478473     0.76371384     0.32067618     0.15703283     0.84082526E-01 0.46857062E-01
  5.9757741      9.2475181      6.7301887      3.7588016      1.9981683      1.0586168      6.2441747      2.3459537      1.0206377     0.50486236     0.27129861     0.15141431    
  2.7365252      6.7301887      8.1941699      6.2958209      3.8840041      2.1955068      8.0666706      4.4388879      2.1216642      1.0797318     0.58623337     0.32860274    
  1.2881810      3.7588016      6.2958209      6.8139304      5.3406046      3.4423823      6.5269124      5.8118232      3.3436264      1.8158191      1.0106812     0.57258040    
 0.64369519      1.9981683      3.8840041      5.3406046      5.4186698      4.2624050      4.1476913      5.5426747      4.1773055      2.5674935      1.5066823     0.87409200    
 0.33288744      1.0586168      2.1955068      3.4423823      4.2624050      4.1841543      2.3781780      4.1265114      4.1499608      3.0856785      1.9991154      1.2178134    
  2.4478473      6.2441747      8.0666706      6.5269124      4.1476913      2.3781780      8.0094979      4.7134688      2.2994022      1.1778555     0.64105647     0.35970029    
 0.76371384      2.3459537      4.4388879      5.8118232      5.5426747      4.1265114      4.7134688      5.7597372      4.0335114      2.3870824      1.3771950     0.79276264    
 0.32067618      1.0206377      2.1216642      3.3436264      4.1773055      4.1499608      2.2994022      4.0335114      4.1189907      3.1010980      2.0239979      1.2377898    
 0.15703283     0.50486236      1.0797318      1.8158191      2.5674935      3.0856785      1.1778555      2.3870824      3.1010980      2.9795302      2.3165763      1.5741301    
 0.84082526E-01 0.27129861     0.58623337      1.0106812      1.5066823      1.9991154     0.64105647      1.3771950      2.0239979      2.3165763      2.1513272      1.6838876    
 0.46857062E-01 0.15141431     0.32860274     0.57258040     0.87409200      1.2178134     0.35970029     0.79276264      1.2377898      1.5741301      1.6838876      1.5330226    

 Exact exchange  matrix:
  1.1655325      1.7850432      1.8255676      1.5027545      1.0444995     0.62266203      1.7962165      1.1622596     0.60177554     0.28899954     0.14021469     0.70593620E-01
  1.7850432      3.5694170      4.1634313      3.6154700      2.5711962      1.5503253      4.1413928      2.8489263      1.4990391     0.72521552     0.35356081     0.17864419    
  1.8255676      4.1634313      5.5026883      5.1535291      3.8192655      2.3660903      5.5496894      4.1961866      2.2910210      1.1384540     0.56867603     0.29332618    
  1.5027545      3.6154700      5.1535291      5.1724601      4.0577512      2.6616646      5.2538493      4.3969959      2.5864203      1.3877779     0.74677783     0.40946499    
  1.0444995      2.5711962      3.8192655      4.0577512      3.4402835      2.5172346      3.9217759      3.6457787      2.4639532      1.5399768     0.94284848     0.56624714    
 0.62266203      1.5503253      2.3660903      2.6616646      2.5172346      2.1710716      2.4438765      2.5797751      2.1473606      1.6284467      1.1340653     0.73434476    
  1.7962165      4.1413928      5.5496894      5.2538493      3.9217759      2.4438765      5.6071986      4.3019062      2.3671383      1.1845568     0.59575769     0.30909408    
  1.1622596      2.8489263      4.1961866      4.3969959      3.6457787      2.5797751      4.3019062      3.8893331      2.5195564      1.5052407     0.88964188     0.52208255    
 0.60177554      1.4990391      2.2910210      2.5864203      2.4639532      2.1473606      2.3671383      2.5195564      2.1252335      1.6290727      1.1416530     0.74175138    
 0.28899954     0.72521552      1.1384540      1.3877779      1.5399768      1.6284467      1.1845568      1.5052407      1.6290727      1.4845412      1.1409147     0.77710983    
 0.14021469     0.35356081     0.56867603     0.74677783     0.94284848      1.1340653     0.59575769     0.88964188      1.1416530      1.1409147     0.91642324     0.63794974    
 0.70593620E-01 0.17864419     0.29332618     0.40946499     0.56624714     0.73434476     0.30909408     0.52208255     0.74175138     0.77710983     0.63794974     0.44891501    
 Calculated number of electrons:
   4.0007817628175681     

 Exchange-correlation potential matrix:
 -3.8478476     -2.2363201    -0.99223323    -0.46279912    -0.23055497    -0.11909489    -0.88572616    -0.27368104    -0.11472163    -0.56151834E-01-0.30061217E-01-0.16751189E-01
 -2.2363201     -2.6831296     -1.8733944     -1.0315570    -0.54554977    -0.28844493     -1.7328528    -0.64106655    -0.27807712    -0.13743567    -0.73831750E-01-0.41201017E-01
-0.99223323     -1.8733944     -2.0981835     -1.5337470    -0.92380427    -0.51667332     -2.0466649     -1.0604159    -0.49910420    -0.25280514    -0.13702354    -0.76750702E-01
-0.46279912     -1.0315570     -1.5337470     -1.4941922     -1.0928066    -0.67928299     -1.5639526     -1.2058431    -0.65888450    -0.35165666    -0.19445703    -0.10985985    
-0.23055497    -0.54554977    -0.92380427     -1.0928066    -0.98519715    -0.72565652    -0.96559079     -1.0329631    -0.70938999    -0.42259968    -0.24514057    -0.14152347    
-0.11909489    -0.28844493    -0.51667332    -0.67928299    -0.72565652    -0.65791860    -0.54642050    -0.72455227    -0.65063080    -0.46615516    -0.29746475    -0.17993231    
-0.88572616     -1.7328528     -2.0466649     -1.5639526    -0.96559079    -0.54642050     -2.0113721     -1.1031896    -0.52806825    -0.26891313    -0.14604285    -0.81871064E-01
-0.27368104    -0.64106655     -1.0604159     -1.2058431     -1.0329631    -0.72455227     -1.1031896     -1.0976579    -0.70660638    -0.40635306    -0.23193906    -0.13290687    
-0.11472163    -0.27807712    -0.49910420    -0.65888450    -0.70938999    -0.65063080    -0.52806825    -0.70660638    -0.64387344    -0.46689147    -0.29998368    -0.18209652    
-0.56151834E-01-0.13743567    -0.25280514    -0.35165666    -0.42259968    -0.46615516    -0.26891313    -0.40635306    -0.46689147    -0.42355438    -0.31476563    -0.20725082    
-0.30061217E-01-0.73831750E-01-0.13702354    -0.19445703    -0.24514057    -0.29746475    -0.14604285    -0.23193906    -0.29998368    -0.31476563    -0.26324473    -0.18709753    
-0.16751189E-01-0.41201017E-01-0.76750702E-01-0.10985985    -0.14152347    -0.17993231    -0.81871064E-01-0.13290687    -0.18209652    -0.20725082    -0.18709753    -0.14031825    

 Fock matrix F:
  363.18153      40.141666     -8.4347155     -7.8129259     -4.5707436     -2.4976344     -9.1608365     -5.2886112     -2.4103492     -1.2036562    -0.64723971    -0.36080564    
  40.141666      44.490692      4.0142606     -6.2736596     -5.2395808     -3.1941161     0.94132499     -5.7568098     -3.0934298     -1.6082128    -0.87512725    -0.48968331    
 -8.4347155      4.0142606      4.4344789     -2.5465534     -4.3143093     -3.2464322      3.3741096     -4.3001409     -3.1663550     -1.7898893     -1.0025807    -0.56759496    
 -7.8129259     -6.2736596     -2.5465534     -1.6710797     -2.6723457     -2.6295322     -2.1737524     -2.4699501     -2.5944890     -1.7083206     -1.0182722    -0.59296449    
 -4.5707436     -5.2395808     -4.3143093     -2.6723457     -1.8785101     -1.7743143     -4.0824830     -1.9721866     -1.7664048     -1.4021946    -0.93241723    -0.57368098    
 -2.4976344     -3.1941161     -3.2464322     -2.6295322     -1.7743143     -1.2518307     -3.1947697     -1.9757725     -1.2348656     -1.0058458    -0.76232702    -0.51158706    
 -9.1608365     0.94132499      3.3741096     -2.1737524     -4.0824830     -3.1947697      2.6815617     -4.0021638     -3.1203368     -1.7945783     -1.0116889    -0.57434700    
 -5.2886112     -5.7568098     -4.3001409     -2.4699501     -1.9721866     -1.9757725     -4.0021638     -1.9874185     -1.9649837     -1.4948840    -0.96268578    -0.58235422    
 -2.4103492     -3.0934298     -3.1663550     -2.5944890     -1.7664048     -1.2348656     -3.1203368     -1.9649837     -1.2170828    -0.98432016    -0.75046608    -0.50651377    
 -1.2036562     -1.6082128     -1.7898893     -1.7083206     -1.4021946     -1.0058458     -1.7945783     -1.4948840    -0.98432016    -0.66550310    -0.50872035    -0.37764706    
-0.64723971    -0.87512725     -1.0025807     -1.0182722    -0.93241723    -0.76232702     -1.0116889    -0.96268578    -0.75046608    -0.50872035    -0.33991173    -0.24343203    
-0.36080564    -0.48968331    -0.56759496    -0.59296449    -0.57368098    -0.51158706    -0.57434700    -0.58235422    -0.50651377    -0.37764706    -0.24343203    -0.14971706    

 Transformed Fock matrix F':
  517.03589     -190.50409      106.02753     -15.720479      14.420771     -15.463185     -73.527240     -7.5332812      10.785913      1.0658617    -0.81943791     0.21323134    
 -190.50409      180.52451     -115.38401      15.522095     -11.462378      10.803845      37.881607      2.0766892     -8.4949195     -1.1453997     0.67337830    -0.26280446    
  106.02753     -115.38401      159.59642     -23.743354      15.274028     -16.986166     -80.552256     -11.167451      11.991206      1.3961942     -1.0018652     0.25616424    
 -15.720479      15.522095     -23.743354      26.363287      1.4551820     -1.6753234     -6.7382503     -12.449372      1.3575902    -0.96992262     0.51645232    -0.21435119    
  14.420771     -11.462378      15.274028      1.4551820      12.286959     -7.8294284     -15.697149     -11.117069      5.5673231    -0.41637649    -0.57770235E-01-0.46991759E-01
 -15.463185      10.803845     -16.986166     -1.6753234     -7.8294284      9.9216775      12.616782      5.0637719     -6.3859977     -1.4786925     0.36598794    -0.21003548    
 -73.527240      37.881607     -80.552256     -6.7382503     -15.697149      12.616782      78.507633      10.329880     -9.9210870    -0.95746201     0.32620351    -0.11015002    
 -7.5332812      2.0766892     -11.167451     -12.449372     -11.117069      5.0637719      10.329880      21.797117     -8.0389376      1.1201822    -0.63255642     0.92362307E-01
  10.785913     -8.4949195      11.991206      1.3575902      5.5673231     -6.3859977     -9.9210870     -8.0389376      6.6262155    -0.32265592    -0.38156877     0.37284295E-01
  1.0658617     -1.1453997      1.3961942    -0.96992262    -0.41637649     -1.4786925    -0.95746201      1.1201822    -0.32265592      1.1783654    -0.50072596    -0.49791322E-01
-0.81943791     0.67337830     -1.0018652     0.51645232    -0.57770235E-01 0.36598794     0.32620351    -0.63255642    -0.38156877    -0.50072596     0.38822401    -0.12951736    
 0.21323134    -0.26280446     0.25616424    -0.21435119    -0.46991759E-01-0.21003548    -0.11015002     0.92362307E-01 0.37284295E-01-0.49791322E-01-0.12951736     0.64660685E-01

 Orbitals energies:
              1 -3.1799066    
              2-0.23286678E-01
              3 0.23098977    
              4 0.88985993    
              5  2.4202072    
              6  5.4341034    
              7  10.998089    
              8  21.180075    
              9  41.359860    
             10  82.520370    
             11  184.54980    
             12  667.91079    

 Transformed coefficients C':
 0.51999573E-01-0.94553932E-02-0.92600897E-02-0.14060087E-01 0.22693884E-01-0.31155644E-01-0.49037285E-01-0.66521705E-01 0.10163525    -0.15379688    -0.50458280     0.83667241    
 0.15591142    -0.29038153E-01-0.28164567E-01-0.45506075E-01 0.64628748E-01-0.96400362E-01-0.12801140    -0.21798681     0.41519432    -0.66090136    -0.33567752    -0.41563562    
 0.29529694    -0.57192971E-01-0.55847141E-01-0.87881700E-01 0.13790207    -0.18582583    -0.32205379    -0.21534026     0.31071729    -0.98365620E-01 0.70547447     0.30188250    
 0.42575783    -0.82907231E-01-0.86251388E-01-0.11815128     0.16996529    -0.29719113    -0.27780450     0.38123667    -0.62583481    -0.22997154    -0.68053608E-01-0.39277479E-01
 0.42438852    -0.66599150E-01-0.77274185E-01-0.39955608E-01 0.28500841     0.55691205     0.47193286    -0.32845207    -0.23957925    -0.14300314     0.81427288E-01 0.37821376E-01
 0.31858505     0.31356364E-01 0.27810850E-01 0.26006921    -0.29148373     0.61361047    -0.52784562     0.22833629     0.13284942     0.10964977    -0.75661892E-01-0.38407176E-01
 0.31763602    -0.62110271E-01-0.59616713E-01-0.94817128E-01 0.15649314    -0.21799683    -0.21581739    -0.48200704     0.16489848E-01 0.62424284    -0.33371767    -0.17454532    
 0.43421143    -0.80335891E-01-0.56896361E-01-0.17095033    -0.72837402E-02-0.13163580     0.42976349     0.54311160     0.47491879     0.21545282    -0.56072951E-01-0.19634426E-01
 0.31033786     0.31135406E-01 0.95901573E-01 0.10681932    -0.81377034    -0.24607970     0.22596990    -0.26170415    -0.16472584    -0.91678721E-01 0.58866362E-01 0.27925739E-01
 0.16835475     0.26840155     0.36110638     0.78309451     0.30524597    -0.21889760     0.11606764     0.23079267E-01 0.28712276E-01 0.30799776E-02 0.66267367E-02 0.30080741E-02
 0.84261956E-01 0.49266659     0.70425968    -0.49346651     0.32746359E-01 0.80102576E-01-0.54269794E-01 0.51114509E-03-0.15199896E-01-0.23158540E-02-0.37261951E-02-0.20391963E-02
 0.41598302E-01 0.81084114    -0.58262346    -0.21101232E-01-0.14058148E-01-0.21800034E-01 0.14822905E-01-0.16110730E-02 0.35379592E-02 0.11709053E-02 0.12029266E-02 0.59631122E-03

 New coefficients C=XC':
 0.10047778E-01-0.17871106E-02-0.15577433E-02-0.31245247E-02 0.30157906E-02-0.77115927E-02-0.39381040E-02-0.18187385E-01 0.14281751E-03-0.59692996E-01 0.54509700E-01  1.5113822    
 0.51788867E-01-0.88251484E-02-0.11311652E-01-0.74423365E-02 0.37088602E-01 0.38945748E-03-0.10280201     0.53393182E-01 0.37152466     0.41444422     -3.2360250     -2.6437193    
 0.17777721    -0.54545908E-01 0.99098065E-01-0.42498169    -0.81231466     -1.8944804      3.3651270     -7.4316073     -17.224369     -42.939830      47.589470      23.050553    
 0.34166786    -0.11552280     0.20015733    -0.89204349     -1.7051023     -4.1731761      7.4420137     -18.132878     -29.033494     -29.412401      20.422940      9.2301969    
 0.42341067    -0.56267867      2.5728996     -8.1721378     -19.523890     -42.542430      80.645627     -107.13546     -96.626887     -71.074135      44.745503      20.760782    
 0.59453290E-01  3.8725229     -24.518578      75.471025      193.68262      319.17738     -350.11207      299.19601      216.71320      147.72231     -92.978860     -44.396396    
-0.16409168E-01 0.33404839E-01-0.18194646     0.53204829      1.2517927      2.5292724     -5.0292781      10.251415      25.925471      54.085638     -53.725531     -25.382499    
-0.41068249E-01 0.34275098     -1.9854292      5.8910057      14.493143      30.459547     -62.935888      98.544483      98.728886      76.162692     -48.403767     -22.274417    
 0.14207568     -4.0143494      24.746353     -76.967190     -195.95184     -312.09723      333.13375     -280.32393     -201.86432     -137.43453      86.569538      41.391466    
 0.23070531E-01 0.51090511     -2.7618577      9.2824942      12.812579      11.458683     -8.7013980      6.2479762      4.3031186      2.9280308     -1.8737437    -0.91324380    
-0.95756874E-03-0.28294415      4.5798863     -6.9940636     -5.6961999     -3.9988051      2.7691259     -1.9383180     -1.3394769    -0.91967985     0.59438643     0.29227684    
 0.24501998E-03  1.0639007     -2.9240304      2.3715101      1.5226788     0.99399274    -0.67730058     0.47465966     0.33037013     0.22826978    -0.14832016    -0.73247892E-01

 Kinetic energy:
   19.968752116918537     

 Nuclear-elctron potential energy:
  -39.960795841705433     

 ===> One-electron energy:
  -19.992043724786900     

 Coulomb energy:
   9.5576129634188227     

 Exchange-correlation energy
  -2.8827405221394979     

 HF exact exchange energy:
   3.2757487080412098     

 ===> Two-electron energy:
   6.6748724412793248     

 ===> Total energy:
  -13.415423329983003     

 :::::::::::::::: Step number           2 ::::::::::::::::

 Density matrix guess:
 0.20830323E-03 0.10722691E-02 0.37674912E-02 0.72789098E-02 0.10519811E-01-0.12646506E-01-0.44914765E-03-0.20503571E-02 0.17203263E-01-0.13624727E-02 0.99206210E-03-0.37976926E-02
 0.10722691E-02 0.55199400E-02 0.19376512E-01 0.37428194E-01 0.53787363E-01-0.62193142E-01-0.22892297E-02-0.10303413E-01 0.85570336E-01-0.66280336E-02 0.48948654E-02-0.18752785E-01
 0.37674912E-02 0.19376512E-01 0.69159985E-01 0.13408411     0.21192917    -0.40132167    -0.94785467E-02-0.51993324E-01 0.48844830    -0.47532737E-01 0.30526423E-01-0.11597574    
 0.72789098E-02 0.37428194E-01 0.13408411     0.26016488     0.41933606    -0.85410278    -0.18931011E-01-0.10725450      1.0245831    -0.10227746     0.64718657E-01-0.24564213    
 0.10519811E-01 0.53787363E-01 0.21192917     0.41933606     0.99176776     -4.3076257    -0.51488014E-01-0.42049480      4.6378903    -0.55541420     0.31760238     -1.1970610    
-0.12646506E-01-0.62193142E-01-0.40132167    -0.85410278     -4.3076257      29.999936     0.25677085      2.6497387     -31.074426      3.9597267     -2.1915292      8.2399887    
