
 Overlap matrix S:
  1.0000000     0.61356353     0.27530502     0.25307452     0.88945052E-01 0.38697952E-01
 0.61356353      1.0000000     0.74097666     0.70139851     0.29861527     0.13577852    
 0.27530502     0.74097666      1.0000000     0.99716082     0.65214985     0.33734792    
 0.25307452     0.70139851     0.99716082      1.0000000     0.69195166     0.36548851    
 0.88945052E-01 0.29861527     0.65214985     0.69195166      1.0000000     0.79845699    
 0.38697952E-01 0.13577852     0.33734792     0.36548851     0.79845699      1.0000000    

 Nuclear matrix N:
 -35.059229     -16.538017     -6.9911845     -6.4091357     -2.2161408    -0.96092488    
 -16.538017     -14.962992     -8.8372891     -8.2613644     -3.2461272     -1.4495266    
 -6.9911845     -8.8372891     -7.7841940     -7.5338384     -3.9411237     -1.9178816    
 -6.4091357     -8.2613644     -7.5338384     -7.3192291     -3.9755585     -1.9617550    
 -2.2161408     -3.2461272     -3.9411237     -3.9755585     -3.5282820     -2.2932193    
-0.96092488     -1.4495266     -1.9178816     -1.9617550     -2.2932193     -2.0121447    

 Kinect energy matrix:
  45.251804      8.5562711      1.1705881     0.95656155     0.80711078E-01 0.11498452E-01
  8.5562711      8.2426726      2.6017815      2.2324909     0.25929826     0.39758252E-01
  1.1705881      2.6017815      2.2307889      2.0876235     0.49589202     0.94268683E-01
 0.95656155      2.2324909      2.0876235      1.9722496     0.51465879     0.10130058    
 0.80711078E-01 0.25929826     0.49589202     0.51465879     0.45830833     0.17961374    
 0.11498452E-01 0.39758252E-01 0.94268683E-01 0.10130058     0.17961374     0.14905604    

 Transformation matrix X=S^(-1/2):
  1.2409731    -0.57081856     0.42280055    -0.24624532    -0.40996266E-01 0.14653679E-01
-0.57081856      1.9351232     -2.2316612      1.1980997     0.20113095    -0.59407684E-01
 0.42280055     -2.2316612      25.459155     -24.055588      1.3238461    -0.47331123    
-0.24624532      1.1980997     -24.055588      25.215609     -2.3621160     0.73544507    
-0.40996266E-01 0.20113095      1.3238461     -2.3621160      2.3209784     -1.0221007    
 0.14653679E-01-0.59407684E-01-0.47331123     0.73544507     -1.0221007      1.6010991    

 XtSX:
  1.0000000    -0.30634132E-15 0.27456336E-14-0.31975290E-14 0.11449175E-15-0.15785984E-15
-0.56866404E-16  1.0000000     0.18204188E-13-0.17718466E-13 0.80491169E-15-0.39551695E-15
 0.36268731E-14 0.70134870E-14  1.0000000     0.84501850E-13-0.11865509E-13 0.46906923E-14
-0.13910314E-14-0.10417882E-13 0.43645643E-14  1.0000000     0.28171909E-14-0.16930901E-14
-0.56378513E-16 0.14085955E-14-0.19290125E-13 0.18429702E-13  1.0000000     0.15543122E-14
-0.13357371E-15-0.25673907E-15 0.34416914E-14-0.42188475E-14 0.66613381E-15  1.0000000    

 Initial Fock matrix F = Hcore:
  10.192576     -7.9817454     -5.8205964     -5.4525741     -2.1354297    -0.94942643    
 -7.9817454     -6.7203191     -6.2355076     -6.0288736     -2.9868290     -1.4097684    
 -5.8205964     -6.2355076     -5.5534050     -5.4462149     -3.4452317     -1.8236129    
 -5.4525741     -6.0288736     -5.4462149     -5.3469796     -3.4608997     -1.8604544    
 -2.1354297     -2.9868290     -3.4452317     -3.4608997     -3.0699736     -2.1136056    
-0.94942643     -1.4097684     -1.8236129     -1.8604544     -2.1136056     -1.8630886    

 Transformed Fock matrix F':
  23.275485     -18.115956      6.0422095     -5.7481219    -0.94874276     0.21276472    
 -18.115956      7.6601020     -9.5377050      1.8111581     0.76412714    -0.45648344    
  6.0422095     -9.5377050      6.7770925     -5.7923686     -1.7772440     0.14422802    
 -5.7481219      1.8111581     -5.7923686      1.0853995    -0.48588779    -0.28534001    
-0.94874276     0.76412714     -1.7772440    -0.48588779     -1.2547246    -0.57797624    
 0.21276472    -0.45648344     0.14422802    -0.28534001    -0.57797624     -1.1012366    

 Orbitals energies:
              1 -7.9006118    
              2 -1.9867189    
              3-0.88176022    
              4 0.58821279    
              5  6.6053915    
              6  40.017605    

 Transformed coefficients C':
 0.38179381    -0.15352277     0.85462625E-01-0.17808456    -0.46479047     0.75869367    
 0.67244801    -0.28796626     0.17422734    -0.38715426    -0.40510850E-01-0.53198157    
 0.45867974     0.80691698E-01-0.11951718     0.15274110     0.79995738     0.32489341    
 0.41329180     0.20332531    -0.22392519     0.75736850    -0.36053107    -0.18470658    
 0.13460805     0.79603922    -0.35850091    -0.45431098    -0.10834005    -0.39284818E-01
 0.52255330E-01 0.46040788     0.87714949     0.12272777     0.26012635E-01 0.12805142E-01

 New coefficients C=XC':
 0.17735622    -0.67980513E-01 0.38763884E-01-0.10149927    -0.12184388      1.4298298    
 0.57885117    -0.27333273     0.16258982    -0.17966764     -2.0536044     -2.4175373    
 0.54983523     -1.4231167      1.1013981     -14.201108      28.777181      14.164648    
-0.18029061      1.3369450     -1.0917410      16.166629     -27.993496     -13.194970    
 0.95883697E-02 0.95192694     -1.3263542     -2.8372405      1.6435009     0.62403831    
-0.14157793E-02 0.49726430E-01  1.6536133      1.1659501    -0.49580060    -0.18624046    
 ******************
 Entering SCF cycle
 ******************

 :::::::::::::::: Step number           1 ::::::::::::::::

 Density matrix guess:
 0.72153155E-01 0.24248831     0.38852179    -0.24572374    -0.12602385    -0.72630509E-02
 0.24248831     0.81955893      1.4145143    -0.93958453    -0.50928510    -0.28822773E-01
 0.38852179      1.4145143      4.6551596     -4.0035177     -2.6988621    -0.14308991    
-0.24572374    -0.93958453     -4.0035177      3.6398534      2.5418906     0.13347351    
-0.12602385    -0.50928510     -2.6988621      2.5418906      1.8125137     0.94644706E-01
-0.72630509E-02-0.28822773E-01-0.14308991     0.13347351     0.94644706E-01 0.49494445E-02

 Coulomb  matrix:
  8.6916302      5.0424435      2.2283328      2.0469210     0.71628555     0.31135432    
  5.0424435      6.7598209      4.5238468      4.2565620      1.7420453     0.78490433    
  2.2283328      4.5238468      4.8729922      4.7763522      2.7323168      1.3603425    
  2.0469210      4.2565620      4.7763522      4.7023179      2.8088942      1.4207580    
 0.71628555      1.7420453      2.7323168      2.8088942      2.9128849      1.9890820    
 0.31135432     0.78490433      1.3603425      1.4207580      1.9890820      1.8571978    

 Exact exchange  matrix:
  4.5642697      4.4275256      2.6920832      2.5153075     0.89272897     0.34024443    
  4.4275256      5.1403085      3.4858293      3.2895923      1.3377478     0.57393327    
  2.6920832      3.4858293      2.8203511      2.7238485      1.5475944     0.83835157    
  2.5153075      3.2895923      2.7238485      2.6389648      1.5624989     0.86568329    
 0.89272897      1.3377478      1.5475944      1.5624989      1.4490593     0.97178657    
 0.34024443     0.57393327     0.83835157     0.86568329     0.97178657     0.69349954    
 Calculated number of electrons:
   3.9991158565275478     

 Exchange-correlation potential matrix:
 -2.3716229     -1.3085613    -0.57066562    -0.52388025    -0.18263670    -0.79325802E-01
 -1.3085613     -1.4879176    -0.91406775    -0.85576765    -0.33902465    -0.15162659    
-0.57066562    -0.91406775    -0.83193135    -0.80703596    -0.43219904    -0.21207129    
-0.52388025    -0.85576765    -0.80703596    -0.78612389    -0.43895336    -0.21872575    
-0.18263670    -0.33902465    -0.43219904    -0.43895336    -0.41251885    -0.26515497    
-0.79325802E-01-0.15162659    -0.21207129    -0.21872575    -0.26515497    -0.20526468    

 Fock matrix F:
  16.512583     -4.2478631     -4.1629293     -3.9295333     -1.6017809    -0.71739790    
 -4.2478631     -1.4484158     -2.6257285     -2.6280793     -1.5838083    -0.77649066    
 -4.1629293     -2.6257285     -1.5123442     -1.4768986     -1.1451140    -0.67534168    
 -3.9295333     -2.6280793     -1.4768986     -1.4307856     -1.0909589    -0.65842209    
 -1.6017809     -1.5838083     -1.1451140     -1.0909589    -0.56960761    -0.38967859    
-0.71739790    -0.77649066    -0.67534168    -0.65842209    -0.38967859    -0.21115553    

 Transformed Fock matrix F':
  29.577230     -17.890626      6.2555955     -5.8120298    -0.92600520     0.22190549    
 -17.890626      12.581110     -9.5061068      2.4550170     0.80313585    -0.45759480    
  6.2555955     -9.5061068      10.295269     -5.3464038     -1.8489924     0.32211123    
 -5.8120298      2.4550170     -5.3464038      3.6426133    -0.33471104E-01-0.27449999    
-0.92600520     0.80313585     -1.8489924    -0.33471104E-01 0.65056565    -0.31670342    
 0.22190549    -0.45759480     0.32211123    -0.27449999    -0.31670342     0.90276333E-01

 Orbitals energies:
              1 -2.8858630    
              2 0.14024237E-01
              3 0.64161758    
              4  3.1762783    
              5  10.354214    
              6  45.536793    

 Transformed coefficients C':
 0.32475781    -0.64425950E-01-0.11894317    -0.19330928    -0.48994635     0.77383350    
 0.59832597    -0.11983242    -0.22765053    -0.52890678    -0.14987160    -0.52308469    
 0.50089637    -0.66652708E-01 0.25482241E-01 0.38596531E-01 0.80497758     0.30746105    
 0.47888891    -0.46800530E-01-0.20764567E-01 0.81384795    -0.27250914    -0.17729703    
 0.22287170     0.32522888     0.89998490    -0.13764122    -0.11914955    -0.37945236E-01
 0.81454584E-01 0.93224610    -0.35067710     0.10288771E-01 0.32316041E-01 0.12559836E-01

 New coefficients C=XC':
 0.14739194    -0.27877025E-01-0.43805774E-01-0.11627587    -0.10965343      1.4342859    
 0.46836966    -0.92409383E-01-0.25253486    -0.52513811E-01 -2.1591644     -2.3608983    
 0.29098538    -0.34161089      2.9634307     -17.683432      27.003698      13.531030    
 0.19645946     0.21294708     -3.7638127      19.339819     -25.989395     -12.585201    
 0.72972162E-01-0.19715064      2.4891443     -2.2997404      1.3897330     0.58798695    
-0.13050117E-01  1.1635049     -1.4968950     0.76601725    -0.40617240    -0.17460884    

 Kinetic energy:
   19.140794240984146     

 Nuclear-elctron potential energy:
  -38.915455653678663     

 ===> One-electron energy:
  -19.774661412694520     

 Coulomb energy:
   9.4377600871918688     

 Exchange-correlation energy
  -2.8355072157341716     

 HF exact exchange energy:
   3.2297130286139120     

 ===> Two-electron energy:
   6.6022528714576971     

 ===> Total energy:
  -13.172408541236823     

 :::::::::::::::: Step number           2 ::::::::::::::::

 Density matrix guess:
 0.45003023E-01 0.14322002     0.10482399     0.46040417E-01 0.32502963E-01-0.68717071E-01
 0.14322002     0.45581926     0.33571355     0.14467468     0.10479303    -0.22726209    
 0.10482399     0.33571355     0.40274099    -0.31156424E-01 0.17716527    -0.80252665    
 0.46040417E-01 0.14467468    -0.31156424E-01 0.16788555    -0.55293161E-01 0.49040228    
 0.32502963E-01 0.10479303     0.17716527    -0.55293161E-01 0.88386619E-01-0.46067603    
-0.68717071E-01-0.22726209    -0.80252665     0.49040228    -0.46067603      2.7078277    

 Coulomb  matrix:
  6.9940867      4.0817527      1.8065203      1.6595660     0.58098294     0.25256349    
  4.0817527      5.5590718      3.7387905      3.5186779      1.4419229     0.64984645    
  1.8065203      3.7387905      4.0447500      3.9649359      2.2701777      1.1308377    
  1.6595660      3.5186779      3.9649359      3.9038629      2.3347608      1.1818834    
 0.58098294      1.4419229      2.2701777      2.3347608      2.4617894      1.7091126    
 0.25256349     0.64984645      1.1308377      1.1818834      1.7091126      1.6588637    

 Exact exchange  matrix:
  3.3554752      3.5138281      2.4330118      2.3103033      1.0210177     0.44215414    
  3.5138281      4.4460795      3.3726398      3.2215619      1.4986056     0.67079000    
  2.4330118      3.3726398      2.7729879      2.6692225      1.3863107     0.70524721    
  2.3103033      3.2215619      2.6692225      2.5717983      1.3593369     0.70693941    
  1.0210177      1.4986056      1.3863107      1.3593369      1.0302022     0.78248714    
 0.44215414     0.67079000     0.70524721     0.70693941     0.78248714     0.76651964    
 Calculated number of electrons:
   3.9978900261380055     

 Exchange-correlation potential matrix:
 -2.1272166     -1.1841998    -0.51777189    -0.47538211    -0.16585402    -0.72047942E-01
 -1.1841998     -1.3963622    -0.87166419    -0.81663081    -0.32465783    -0.14527879    
-0.51777189    -0.87166419    -0.78613626    -0.75956790    -0.38980443    -0.18861989    
-0.47538211    -0.81663081    -0.75956790    -0.73636714    -0.39135822    -0.19201652    
-0.16585402    -0.32465783    -0.38980443    -0.39135822    -0.34836652    -0.23519188    
-0.72047942E-01-0.14527879    -0.18861989    -0.19201652    -0.23519188    -0.22210382    

 Fock matrix F:
  15.059446     -5.0841925     -4.5318481     -4.2683903     -1.7203008    -0.76891088    
 -5.0841925     -2.5576095     -3.3683813     -3.3268264     -1.8695639    -0.90520072    
 -4.5318481     -3.3683813     -2.2947913     -2.2408468     -1.5648584    -0.88139510    
 -4.2683903     -3.3268264     -2.2408468     -2.1794838     -1.5174971    -0.87058751    
 -1.7203008     -1.8695639     -1.5648584     -1.5174971    -0.95655078    -0.63968489    
-0.76891088    -0.90520072    -0.88139510    -0.87058751    -0.63968489    -0.42632879    

 Transformed Fock matrix F':
  28.122117     -17.953692      6.1893290     -5.7932111    -0.93111084     0.21890731    
 -17.953692      11.580446     -9.5143632      2.2880441     0.78889917    -0.45757111    
  6.1893290     -9.5143632      9.6349748     -5.4573494     -1.8445078     0.28379966    
 -5.7932111      2.2880441     -5.4573494      3.2413171    -0.12133615    -0.28285035    
-0.93111084     0.78889917     -1.8445078    -0.12133615     0.40099341    -0.35822680    
 0.21890731    -0.45757111     0.28379966    -0.28285035    -0.35822680    -0.42654682E-01

 Orbitals energies:
              1 -3.9044584    
              2-0.18762964    
              3 0.39377286    
              4  2.7153545    
              5  9.6055837    
              6  44.314571    

 Transformed coefficients C':
 0.34304141    -0.82417902E-01-0.11217482    -0.19212093    -0.48390994     0.76932919    
 0.62408108    -0.15379213    -0.21688656    -0.49846710    -0.11992519    -0.52628842    
 0.49118374    -0.39878571E-01 0.60973778E-01 0.77287533E-01 0.80627603     0.31205132    
 0.45937085    -0.12201507E-01 0.48524048E-01 0.81757241    -0.29311230    -0.17926378    
 0.18899962     0.47317695     0.82735970    -0.19978903    -0.12025851    -0.38482178E-01
 0.69580791E-01 0.86250778    -0.49978052     0.17505664E-01 0.31482481E-01 0.12676095E-01

 New coefficients C=XC':
 0.15729426    -0.35106685E-01-0.42814407E-01-0.11408166    -0.11360072      1.4329737    
 0.49995575    -0.13225327    -0.23750847    -0.89099135E-01 -2.1324160     -2.3772420    
 0.42426070    -0.19521588      2.1535047     -16.941104      27.467025      13.699685    
 0.35574853E-01 0.42990426E-02 -2.7973065      18.691284     -26.503752     -12.746591    
 0.44168503E-01 0.16513840      2.3581866     -2.4028635      1.4441727     0.59688469    
-0.84600554E-02 0.91515607     -1.6277749     0.82372884    -0.42383120    -0.17736864    

 Kinetic energy:
   12.455745742047206     

 Nuclear-elctron potential energy:
  -30.893197479271201     

 ===> One-electron energy:
  -18.437451737223995     

 Coulomb energy:
   6.5751168202296419     

 Exchange-correlation energy
  -2.1422490268664887     

 HF exact exchange energy:
   2.4621538062120107     

 ===> Two-electron energy:
   4.4328677933631528     

 ===> Total energy:
  -14.004583943860842     

 :::::::::::::::: Step number           3 ::::::::::::::::

 Density matrix guess:
 0.51947925E-01 0.16656628     0.14717431     0.10889590E-01 0.22999798E-02-0.66917628E-01
 0.16656628     0.53489336     0.47585903     0.34434579E-01 0.48440535E-03-0.25052408    
 0.14717431     0.47585903     0.43621277     0.28507541E-01-0.26997359E-01-0.36448454    
 0.10889590E-01 0.34434579E-01 0.28507541E-01 0.25681038E-02 0.45624500E-02 0.72666593E-02
 0.22999798E-02 0.48440535E-03-0.26997359E-01 0.45624500E-02 0.58443097E-01 0.30150749    
-0.66917628E-01-0.25052408    -0.36448454     0.72666593E-02 0.30150749      1.6751644    

 Coulomb  matrix:
  7.4214484      4.3223794      1.9120046      1.7564259     0.61480001     0.26725600    
  4.3223794      5.8516719      3.9263785      3.6947788      1.5129712     0.68175892    
  1.9120046      3.9263785      4.2343636      4.1502444      2.3745275      1.1826357    
  1.7564259      3.6947788      4.1502444      4.0857741      2.4417687      1.2358368    
 0.61480001      1.5129712      2.3745275      2.4417687      2.5676183      1.7769492    
 0.26725600     0.68175892      1.1826357      1.2358368      1.7769492      1.7097315    

 Exact exchange  matrix:
  3.6825896      3.7812755      2.5379863      2.4008102      1.0060764     0.41872665    
  3.7812755      4.6712323      3.4328326      3.2675028      1.4561234     0.63713972    
  2.5379863      3.4328326      2.7606838      2.6535833      1.3818482     0.71993867    
  2.4008102      3.2675028      2.6535833      2.5540964      1.3634074     0.72943080    
  1.0060764      1.4561234      1.3818482      1.3634074      1.1260826     0.86285134    
 0.41872665     0.63713972     0.71993867     0.72943080     0.86285134     0.80016814    
 Calculated number of electrons:
   3.9978884832570003     

 Exchange-correlation potential matrix:
 -2.1979436     -1.2205612    -0.53329080    -0.48961379    -0.17078399    -0.74186314E-01
 -1.2205612     -1.4244294    -0.88388595    -0.82779993    -0.32839862    -0.14688528    
-0.53329080    -0.88388595    -0.79157561    -0.76501998    -0.39542463    -0.19202125    
-0.48961379    -0.82779993    -0.76501998    -0.74198182    -0.39815411    -0.19623249    
-0.17078399    -0.32839862    -0.39542463    -0.39815411    -0.36558383    -0.24645087    
-0.74186314E-01-0.14688528    -0.19202125    -0.19623249    -0.24645087    -0.22562601    

 Fock matrix F:
  15.416080     -4.8799273     -4.4418826     -4.1857620     -1.6914137    -0.75635675    
 -4.8799273     -2.2930765     -3.1930150     -3.1618947     -1.8022564    -0.87489475    
 -4.4418826     -3.1930150     -2.1106170     -2.0609904     -1.4661288    -0.83299850    
 -4.1857620     -3.1618947     -2.0609904     -2.0031873     -1.4172851    -0.82085005    
 -1.6914137     -1.8022564     -1.4661288     -1.4172851    -0.86793915    -0.58310729    
-0.75635675    -0.87489475    -0.83299850    -0.82085005    -0.58310729    -0.37898316    

 Transformed Fock matrix F':
  28.479025     -17.936643      6.2072157     -5.7973344    -0.92971684     0.21974159    
 -17.936643      11.818288     -9.5145319      2.3270799     0.79185015    -0.45776455    
  6.2072157     -9.5145319      9.7881224     -5.4298824     -1.8445404     0.29348471    
 -5.7973344      2.3270799     -5.4298824      3.3355654    -0.99647414E-01-0.28121389    
-0.92971684     0.79185015     -1.8445404    -0.99647414E-01 0.45483404    -0.34800143    
 0.21974159    -0.45776455     0.29348471    -0.28121389    -0.34800143    -0.15069210E-01

 Orbitals energies:
              1 -3.6592882    
              2-0.14035957    
              3 0.44595822    
              4  2.8235393    
              5  9.7803827    
              6  44.610533    

 Transformed coefficients C':
 0.33859588    -0.77542447E-01-0.11372272    -0.19239730    -0.48551819     0.77049498    
 0.61834526    -0.14472639    -0.21949591    -0.50613388    -0.12753062    -0.52544210    
 0.49392821    -0.47239445E-01 0.52799774E-01 0.68166565E-01 0.80603887     0.31091833    
 0.46402711    -0.22286262E-01 0.32040086E-01 0.81749407    -0.28794184    -0.17874155    
 0.19628427     0.43735303     0.84894007    -0.18339934    -0.11996261    -0.38330442E-01
 0.72029325E-01 0.88262989    -0.46300654     0.15271866E-01 0.31746463E-01 0.12653991E-01

 New coefficients C=XC':
 0.15480261    -0.33096620E-01-0.42988563E-01-0.11459000    -0.11263692      1.4333232    
 0.49216746    -0.12154921    -0.24102630    -0.80087316E-01 -2.1394476     -2.3730838    
 0.40152912    -0.21514250      2.3582652     -17.131684      27.353169      13.657092    
 0.65781708E-01 0.36156026E-01 -3.0430044      18.859244     -26.376892     -12.705816    
 0.50236582E-01 0.77125246E-01  2.3983420     -2.3759606      1.4305988     0.59464840    
-0.95843056E-02 0.97958929     -1.5990753     0.80811125    -0.41936788    -0.17667198    

 Kinetic energy:
   13.977181462498622     

 Nuclear-elctron potential energy:
  -32.927191209684260     

 ===> One-electron energy:
  -18.950009747185639     

 Coulomb energy:
   7.2022563882692729     

 Exchange-correlation energy
  -2.3031033103836984     

 HF exact exchange energy:
   2.6460131796071349     

 ===> Two-electron energy:
   4.8991530778855745     

 ===> Total energy:
  -14.050856669300064     

 :::::::::::::::: Step number           4 ::::::::::::::::

 Density matrix guess:
 0.50118466E-01 0.16042335     0.13855649     0.17973075E-01 0.10448338E-01-0.67809540E-01
 0.16042335     0.51400603     0.44753993     0.55961758E-01 0.30700596E-01-0.24757078    
 0.13855649     0.44753993     0.41502386     0.37269146E-01 0.71570637E-02-0.42919934    
 0.17973075E-01 0.55961758E-01 0.37269146E-01 0.11268983E-01 0.12186381E-01 0.69575168E-01
 0.10448338E-01 0.30700596E-01 0.71570637E-02 0.12186381E-01 0.16944036E-01 0.15013917    
-0.67809540E-01-0.24757078    -0.42919934     0.69575168E-01 0.15013917      1.9193741    

 Coulomb  matrix:
  7.3149811      4.2624460      1.8857305      1.7322999     0.60637666     0.26359629    
  4.2624460      5.7785209      3.8792572      3.6505283      1.4950770     0.67371693    
  1.8857305      3.8792572      4.1860353      4.1029604      2.3476998      1.1692974    
  1.7322999      3.6505283      4.1029604      4.0393022      2.4142206      1.2219259    
 0.60637666      1.4950770      2.3476998      2.4142206      2.5403042      1.7595067    
 0.26359629     0.67371693      1.1692974      1.2219259      1.7595067      1.6967658    

 Exact exchange  matrix:
  3.6014792      3.7167765      2.5142129      2.3805780      1.0109018     0.42489344    
  3.7167765      4.6195155      3.4210347      3.2590086      1.4669970     0.64512095    
  2.5142129      3.4210347      2.7635817      2.6568991      1.3798414     0.71431009    
  2.3805780      3.2590086      2.6568991      2.5575055      1.3589838     0.72179778    
  1.0109018      1.4669970      1.3798414      1.3589838      1.0991777     0.84279275    
 0.42489344     0.64512095     0.71431009     0.72179778     0.84279275     0.79378328    
 Calculated number of electrons:
   3.9980938301704323     

 Exchange-correlation potential matrix:
 -2.1807126     -1.2117782    -0.52955187    -0.48618541    -0.16959727    -0.73671655E-01
 -1.2117782     -1.4179205    -0.88110286    -0.82525706    -0.32754326    -0.14651689    
-0.52955187    -0.88110286    -0.78997698    -0.76337470    -0.39368907    -0.19099404    
-0.48618541    -0.82525706    -0.76337470    -0.74025069    -0.39609342    -0.19498763    
-0.16959727    -0.32754326    -0.39368907    -0.39609342    -0.36113271    -0.24369511    
-0.73671655E-01-0.14651689    -0.19099404    -0.19498763    -0.24369511    -0.22502464    

 Fock matrix F:
  15.326844     -4.9310777     -4.4644178     -4.2064596     -1.6986503    -0.75950180    
 -4.9310777     -2.3597186     -3.2373532     -3.2036023     -1.8192953    -0.88256835    
 -4.4644178     -3.2373532     -2.1573467     -2.1066292     -1.4912209    -0.84530958    
 -4.2064596     -3.2036023     -2.1066292     -2.0479281     -1.4427725    -0.83351605    
 -1.6986503     -1.8192953     -1.4912209     -1.4427725    -0.89080208    -0.59779399    
-0.75950180    -0.88256835    -0.84530958    -0.83351605    -0.59779399    -0.39134750    

 Transformed Fock matrix F':
  28.389691     -17.940798      6.2028435     -5.7962697    -0.93005119     0.21954190    
 -17.940798      11.758326     -9.5145783      2.3172495     0.79106550    -0.45773561    
  6.2028435     -9.5145783      9.7489442     -5.4367826     -1.8444353     0.29102788    
 -5.7962697      2.3172495     -5.4367826      3.3115812    -0.10500467    -0.28156057    
-0.93005119     0.79106550     -1.8444353    -0.10500467     0.44057665    -0.35071061    
 0.21954190    -0.45773561     0.29102788    -0.28156057    -0.35071061    -0.22293507E-01

 Orbitals energies:
              1 -3.7209857    
              2-0.15251008    
              3 0.43227520    
              4  2.7959880    
              5  9.7358774    
              6  44.536181    

 Transformed coefficients C':
 0.33970176    -0.78771461E-01-0.11330146    -0.19234211    -0.48512386     0.77020770    
 0.61980123    -0.14701537    -0.21878963    -0.50425031    -0.12564668    -0.52565060    
 0.49326954    -0.45437541E-01 0.54883681E-01 0.70471801E-01 0.80610009     0.31119887    
 0.46285884    -0.19901360E-01 0.36184980E-01 0.81755912    -0.28923835    -0.17887018    
 0.19441802     0.44669014     0.84360736    -0.18739328    -0.12003306    -0.38366646E-01
 0.71397775E-01 0.87760402    -0.47254517     0.15833701E-01 0.31680172E-01 0.12659495E-01

 New coefficients C=XC':
 0.15542032    -0.33597060E-01-0.42929685E-01-0.11446608    -0.11287589      1.4332375    
 0.49408607    -0.12426446    -0.24009050    -0.82377134E-01 -2.1377272     -2.3741111    
 0.40791008    -0.20730946      2.3076688     -17.084293      27.381816      13.667623    
 0.57583562E-01 0.24755533E-01 -2.9822941      18.817521     -26.408779     -12.715897    
 0.48685693E-01 0.10027546      2.3888072     -2.3825301      1.4340093     0.59520382    
-0.93057219E-02 0.96301798     -1.6068708     0.81193868    -0.42049065    -0.17684537    

 Kinetic energy:
   13.588064087934491     

 Nuclear-elctron potential energy:
  -32.419480826909918     

 ===> One-electron energy:
  -18.831416738975427     

 Coulomb energy:
   7.0403561298561534     

 Exchange-correlation energy
  -2.2623220715410577     

 HF exact exchange energy:
   2.6000010030420673     

 ===> Two-electron energy:
   4.7780340583150958     

 ===> Total energy:
  -14.053382680660331     

 :::::::::::::::: Step number           5 ::::::::::::::::

 Density matrix guess:
 0.50568478E-01 0.16193187     0.14072501     0.16235885E-01 0.83955706E-02-0.67601743E-01
 0.16193187     0.51912540     0.45460777     0.50750006E-01 0.23188493E-01-0.24853347    
 0.14072501     0.45460777     0.41873570     0.36713718E-01-0.18573349E-02-0.40687728    
 0.16235885E-01 0.50750006E-01 0.36713718E-01 0.78574061E-02 0.10571736E-01 0.46608334E-01
 0.83955706E-02 0.23188493E-01-0.18573349E-02 0.10571736E-01 0.24850930E-01 0.19222803    
-0.67601743E-01-0.24853347    -0.40687728     0.46608334E-01 0.19222803      1.8549805    

 Coulomb  matrix:
  7.3417552      4.2775321      1.8923458      1.7383744     0.60849765     0.26451781    
  4.2775321      5.7969854      3.8911641      3.6617104      1.4996004     0.67574999    
  1.8923458      3.8911641      4.1982687      4.1149310      2.3544999      1.1726797    
  1.7383744      3.6617104      4.1149310      4.0510689      2.4212058      1.2254551    
 0.60849765      1.4996004      2.3544999      2.4212058      2.5472663      1.7639650    
 0.26451781     0.67574999      1.1726797      1.2254551      1.7639650      1.7000947    

 Exact exchange  matrix:
  3.6216957      3.7329593      2.5202497      2.3857254      1.0096976     0.42332166    
  3.7329593      4.6326482      3.4241392      3.2612718      1.4642380     0.64305406    
  2.5202497      3.4241392      2.7628692      2.6560637      1.3802327     0.71565819    
  2.3857254      3.2612718      2.6560637      2.5566291      1.3599828     0.72366036    
  1.0096976      1.4642380      1.3802327      1.3599828      1.1060219     0.84802416    
 0.42332166     0.64305406     0.71565819     0.72366036     0.84802416     0.79559738    
 Calculated number of electrons:
   3.9976619330213730     

 Exchange-correlation potential matrix:
 -2.1850259     -1.2139811    -0.53049017    -0.48704581    -0.16989515    -0.73800842E-01
 -1.2139811     -1.4195694    -0.88181203    -0.82590515    -0.32776137    -0.14661081    
-0.53049017    -0.88181203    -0.79037283    -0.76378113    -0.39412003    -0.19125035    
-0.48704581    -0.82590515    -0.76378113    -0.74067766    -0.39660716    -0.19529973    
-0.16989515    -0.32776137    -0.39412003    -0.39660716    -0.36228387    -0.24441939    
-0.73800842E-01-0.14661081    -0.19125035    -0.19529973    -0.24441939    -0.22520107    

 Fock matrix F:
  15.349305     -4.9181943     -4.4587408     -4.2012455     -1.6968272    -0.75870946    
 -4.9181943     -2.3429031     -3.2261555     -3.1930683     -1.8149899    -0.88062921    
 -4.4587408     -3.2261555     -2.1455092     -2.0950650     -1.4848518    -0.84218352    
 -4.2012455     -3.1930683     -2.0950650     -2.0365883     -1.4363011    -0.83029898    
 -1.6968272     -1.8149899     -1.4848518     -1.4363011    -0.88499121    -0.59405996    
-0.75870946    -0.88062921    -0.84218352    -0.83029898    -0.59405996    -0.38819505    

 Transformed Fock matrix F':
  28.412174     -17.939757      6.2039375     -5.7965352    -0.92996594     0.21959217    
 -17.939757      11.773476     -9.5145745      2.3197085     0.79125497    -0.45774550    
  6.2039375     -9.5145745      9.7588754     -5.4350316     -1.8444570     0.29164804    
 -5.7965352      2.3197085     -5.4350316      3.3176943    -0.10363622    -0.28146554    
-0.92996594     0.79125497     -1.8444570    -0.10363622     0.44420033    -0.35003219    
 0.21959217    -0.45774550     0.29164804    -0.28146554    -0.35003219    -0.20435690E-01

 Orbitals energies:
              1 -3.7053984    
              2-0.14940181    
              3 0.43575395    
              4  2.8029896    
              5  9.7471252    
              6  44.554916    

 Transformed coefficients C':
 0.33942584    -0.78459292E-01-0.11340591    -0.19235678    -0.48522324     0.77027957    
 0.61943897    -0.14643287    -0.21896330    -0.50472540    -0.12611970    -0.52559865    
 0.49343484    -0.45893624E-01 0.54362167E-01 0.69894888E-01 0.80608579     0.31112859    
 0.46315023    -0.20512479E-01 0.35139347E-01 0.81754749    -0.28891090    -0.17883769    
 0.19488276     0.44434392     0.84496655    -0.18637515    -0.12001554    -0.38357489E-01
 0.71554838E-01 0.87888170    -0.47014432     0.15692392E-01 0.31696819E-01 0.12658135E-01

 New coefficients C=XC':
 0.15526608    -0.33469609E-01-0.42943725E-01-0.11449797    -0.11281638      1.4332589    
 0.49360692    -0.12357760    -0.24032515    -0.81801395E-01 -2.1381590     -2.3738539    
 0.40634158    -0.20909887      2.3205512     -17.096233      27.374604      13.664979    
 0.59606434E-01 0.27419889E-01 -2.9977423      18.828031     -26.400750     -12.713365    
 0.49072798E-01 0.94468117E-01  2.3912568     -2.3808538      1.4331495     0.59506419    
-0.93757205E-02 0.96719815     -1.6049294     0.81096432    -0.42020766    -0.17680178    

 Kinetic energy:
   13.684732993223902     

 Nuclear-elctron potential energy:
  -32.546897266565843     

 ===> One-electron energy:
  -18.862164273341939     

 Coulomb energy:
   7.0810751597246018     

 Exchange-correlation energy
  -2.2725334800400545     

 HF exact exchange energy:
   2.6115479607940082     

 ===> Two-electron energy:
   4.8085416796845468     

 ===> Total energy:
  -14.053622593657392     

 :::::::::::::::: Step number           6 ::::::::::::::::

 Density matrix guess:
 0.50455540E-01 0.16155301     0.14017904     0.16674249E-01 0.89150601E-02-0.67654951E-01
 0.16155301     0.51783843     0.45282591     0.52067328E-01 0.25097060E-01-0.24830389    
 0.14017904     0.45282591     0.41767164     0.36974210E-01 0.37428333E-03-0.41209958    
 0.16674249E-01 0.52067328E-01 0.36974210E-01 0.86095545E-02 0.11030720E-01 0.51923225E-01
 0.89150601E-02 0.25097060E-01 0.37428333E-03 0.11030720E-01 0.22664729E-01 0.18181859    
-0.67654951E-01-0.24830389    -0.41209958     0.51923225E-01 0.18181859      1.8711203    

 Coulomb  matrix:
  7.3350275      4.2737405      1.8906830      1.7368475     0.60796452     0.26428618    
  4.2737405      5.7923397      3.8881661      3.6588948      1.4984611     0.67523789    
  1.8906830      3.8881661      4.1951834      4.1119116      2.3527835      1.1718258    
  1.7368475      3.6588948      4.1119116      4.0481006      2.4194424      1.2245641    
 0.60796452      1.4984611      2.3527835      2.4194424      2.5455085      1.7628398    
 0.26428618     0.67523789      1.1718258      1.2245641      1.7628398      1.6992552    

 Exact exchange  matrix:
  3.6166301      3.7289102      2.5187480      2.3844468      1.0100096     0.42372153    
  3.7289102      4.6293689      3.4233719      3.2607149      1.4649345     0.64357409    
  2.5187480      3.4233719      2.7630413      2.6562648      1.3801162     0.71530811    
  2.3844468      3.2607149      2.6562648      2.5568384      1.3597118     0.72318028    
  1.0100096      1.4649345      1.3801162      1.3597118      1.1042830     0.84670605    
 0.42372153     0.64357409     0.71530811     0.72318028     0.84670605     0.79514948    
 Calculated number of electrons:
   3.9976415988896594     

 Exchange-correlation potential matrix:
 -2.1839465     -1.2134299    -0.53025543    -0.48683055    -0.16982063    -0.73768523E-01
 -1.2134299     -1.4191573    -0.88163464    -0.82574301    -0.32770670    -0.14658725    
-0.53025543    -0.88163464    -0.79027092    -0.76367633    -0.39400918    -0.19118459    
-0.48683055    -0.82574301    -0.76367633    -0.74056744    -0.39647529    -0.19521983    
-0.16982063    -0.32770670    -0.39400918    -0.39647529    -0.36199277    -0.24423707    
-0.73768523E-01-0.14658725    -0.19118459    -0.19521983    -0.24423707    -0.22515645    

 Fock matrix F:
  15.343657     -4.9214349     -4.4601688     -4.2025571     -1.6972858    -0.75890877    
 -4.9214349     -2.3471367     -3.2289761     -3.1957218     -1.8160746    -0.88111775    
 -4.4601688     -3.2289761     -2.1484926     -2.0979796     -1.4864574    -0.84297164    
 -4.2025571     -3.1957218     -2.0979796     -2.0394464     -1.4379326    -0.83111013    
 -1.6972858     -1.8160746     -1.4864574     -1.4379326    -0.88645787    -0.59500285    
-0.75890877    -0.88111775    -0.84297164    -0.83111013    -0.59500285    -0.38898992    

 Transformed Fock matrix F':
  28.406520     -17.940018      6.2036634     -5.7964682    -0.92998733     0.21957963    
 -17.940018      11.769661     -9.5145760      2.3190896     0.79120726    -0.45774323    
  6.2036634     -9.5145760      9.7563708     -5.4354733     -1.8444504     0.29149059    
 -5.7964682      2.3190896     -5.4354733      3.3161538    -0.10398160    -0.28148744    
-0.92998733     0.79120726     -1.8444504    -0.10398160     0.44328549    -0.35020621    
 0.21957963    -0.45774323     0.29149059    -0.28148744    -0.35020621    -0.20901248E-01

 Orbitals energies:
              1 -3.7093228    
              2-0.15018475    
              3 0.43487891    
              4  2.8012256    
              5  9.7442909    
              6  44.550202    

 Transformed coefficients C':
 0.33949511    -0.78538362E-01-0.11337925    -0.19235312    -0.48519829     0.77026154    
 0.61953012    -0.14658039    -0.21891917    -0.50460596    -0.12600086    -0.52561167    
 0.49339346    -0.45778806E-01 0.54493664E-01 0.70040049E-01 0.80608935     0.31114624    
 0.46307697    -0.20359501E-01 0.35403330E-01 0.81755048    -0.28899339    -0.17884586    
 0.19476572     0.44493980     0.84462261    -0.18663147    -0.12001985    -0.38359776E-01
 0.71515270E-01 0.87855807    -0.47075390     0.15728726E-01 0.31692520E-01 0.12658467E-01

 New coefficients C=XC':
 0.15530479    -0.33501819E-01-0.42940069E-01-0.11448992    -0.11283131      1.4332536    
 0.49372714    -0.12375182    -0.24026511    -0.81946446E-01 -2.1380507     -2.3739184    
 0.40673997    -0.20861784      2.3172948     -17.093230      27.376421      13.665643    
 0.59094159E-01 0.26712466E-01 -2.9938387      18.825389     -26.402772     -12.714002    
 0.48975338E-01 0.95946143E-01  2.3906399     -2.3812769      1.4333663     0.59509932    
-0.93581326E-02 0.96613670     -1.6054242     0.81121093    -0.42027919    -0.17681276    

 Kinetic energy:
   13.660431531079984     

 Nuclear-elctron potential energy:
  -32.514891882689042     

 ===> One-electron energy:
  -18.854460351609060     

 Coulomb energy:
   7.0708063340890224     

 Exchange-correlation energy
  -2.2699625200861395     

 HF exact exchange energy:
   2.6086462398262480     

 ===> Two-electron energy:
   4.8008438140028833     

 ===> Total energy:
  -14.053616537606176     

 ******************
 End of  SCF cycle
 ******************
