
 Overlap matrix S:
  1.0000000     0.61356353     0.27530502     0.24291991     0.85141609E-01 0.37021548E-01
 0.61356353      1.0000000     0.74097667     0.68219032     0.28690486     0.13005954    
 0.27530502     0.74097667      1.0000000     0.99377577     0.63303547     0.32439906    
 0.24291991     0.68219032     0.99377577      1.0000000     0.69195169     0.36548859    
 0.85141609E-01 0.28690486     0.63303547     0.69195169      1.0000000     0.79845707    
 0.37021548E-01 0.13005954     0.32439906     0.36548859     0.79845707      1.0000000    

 Nuclear matrix N:
 -81.026833     -38.221694     -16.157615     -14.200930     -4.9013787     -2.1244250    
 -38.221694     -34.581588     -20.424224     -18.466579     -7.1970911     -3.2073119    
 -16.157615     -20.424224     -17.990373     -17.116145     -8.7979476     -4.2546488    
 -14.200930     -18.466579     -17.116145     -16.420532     -8.9190799     -4.4011558    
 -4.9013787     -7.1970911     -8.7979476     -8.9190799     -7.9156246     -5.1447889    
 -2.1244250     -3.2073119     -4.2546488     -4.4011558     -5.1447889     -4.5142038    

 Kinect energy matrix:
  107.42525      20.312108      2.7789105      2.0589063     0.17292818     0.24612154E-01
  20.312108      19.567643      6.1764836      4.9119816     0.55899588     0.85279588E-01
  2.7789105      6.1764836      5.2957681      4.7836203      1.0874786     0.20351790    
  2.0589063      4.9119816      4.7836203      4.4118739      1.1512793     0.22660705    
 0.17292818     0.55899588      1.0874786      1.1512793      1.0252246     0.40179169    
 0.24612154E-01 0.85279588E-01 0.20351790     0.22660705     0.40179169     0.33343483    

 Transformation matrix X=S^(-1/2):
  1.2416082    -0.57425497     0.40159008    -0.22993623    -0.29416593E-01 0.10840536E-01
-0.57425497      1.9487817     -2.1080897      1.1103692     0.13983365    -0.40134181E-01
 0.40159008     -2.1080897      16.854924     -15.488652      1.2296397    -0.43997142    
-0.22993623      1.1103692     -15.488652      16.627880     -2.2254180     0.69182415    
-0.29416593E-01 0.13983365      1.2296397     -2.2254180      2.3385973     -1.0293666    
 0.10840536E-01-0.40134181E-01-0.43997142     0.69182415     -1.0293666      1.6034633    

 XtSX:
  1.0000000    -0.42769065E-15-0.20781987E-14 0.89121419E-15-0.14745150E-16 0.51174343E-16
-0.53646323E-15  1.0000000     0.25569824E-14-0.55580540E-14 0.10512424E-14-0.18735014E-15
-0.16821397E-14 0.34425587E-14  1.0000000     0.47996329E-13-0.56482596E-14 0.55511151E-16
 0.21393477E-14-0.13060733E-13 0.68667294E-13  1.0000000     0.68833828E-14-0.23314684E-14
-0.21597307E-15 0.13010426E-14-0.87430063E-14 0.66613381E-14  1.0000000     0.99920072E-15
-0.13357371E-15-0.53429483E-15 0.14432899E-14-0.29976022E-14 0.66613381E-15  1.0000000    

 Initial Fock matrix F = Hcore:
  26.398417     -17.909585     -13.378705     -12.142024     -4.7284505     -2.0998128    
 -17.909585     -15.013945     -14.247741     -13.554598     -6.6380952     -3.1220323    
 -13.378705     -14.247741     -12.694604     -12.332525     -7.7104689     -4.0511309    
 -12.142024     -13.554598     -12.332525     -12.008658     -7.7678007     -4.1745488    
 -4.7284505     -6.6380952     -7.7104689     -7.7678007     -6.8904000     -4.7429972    
 -2.0998128     -3.1220323     -4.0511309     -4.1745488     -4.7429972     -4.1807690    

 Transformed Fock matrix F':
  57.624609     -43.174735      13.730053     -12.837083     -1.7630468     0.36246957    
 -43.174735      19.047240     -22.270466      4.2628984      1.4065150    -0.92438661    
  13.730053     -22.270466      15.006140     -12.901786     -3.4780450     0.17566504    
 -12.837083      4.2628984     -12.901786      2.2397024     -1.4201075    -0.55169953    
 -1.7630468      1.4065150     -3.4780450     -1.4201075     -2.9412837     -1.2724545    
 0.36246957    -0.92438661     0.17566504    -0.55169953     -1.2724545     -2.4812712    

 Orbitals energies:
              1 -17.792146    
              2 -4.4720854    
              3 -1.9849975    
              4  1.3703358    
              5  15.536384    
              6  95.837646    

 Transformed coefficients C':
 0.36919500    -0.14779621     0.81909244E-01-0.17448118    -0.46013011     0.77005118    
 0.66862534    -0.28700358     0.17305539    -0.38824497    -0.83465034E-01-0.53190259    
 0.47547232     0.55632093E-01-0.99135255E-01 0.14127184     0.80460048     0.30604523    
 0.41159936     0.21312782    -0.23386296     0.75843655    -0.35466521    -0.17163099    
 0.13569794     0.79838249    -0.35718549    -0.45602427    -0.88015325E-01-0.29751860E-01
 0.52281213E-01 0.45809632     0.87820359     0.12522096     0.19945720E-01 0.97347677E-02

 New coefficients C=XC':
 0.16731246    -0.63875945E-01 0.36310483E-01-0.96572183E-01-0.11589582      1.4248992    
 0.56255853    -0.26180607     0.15432963    -0.18087034     -2.0015104     -2.3190633    
 0.52153043     -1.0375387     0.79378867     -9.2334879      18.928931      9.2063779    
-0.12868646     0.93768871    -0.77740274      11.133581     -18.136714     -8.2888134    
 0.14841188E-01 0.95386989     -1.3189748     -2.7586373      1.5541474     0.58164763    
-0.31242368E-02 0.45599250E-01  1.6516092      1.1464429    -0.47842316    -0.17745946    
 ******************
 Entering SCF cycle
 ******************

 :::::::::::::::: Step number           1 ::::::::::::::::

 Density matrix guess:
 0.66784091E-01 0.23289989     0.36471031    -0.21930894    -0.21267767     0.11307062    
 0.23289989     0.81766431      1.3750609    -0.87572509    -0.88987358     0.48239303    
 0.36471031      1.3750609      3.9571620     -3.3141915     -4.0578481      2.5241766    
-0.21930894    -0.87572509     -3.3141915      3.0003507      3.8357956     -2.4816111    
-0.21267767    -0.88987358     -4.0578481      3.8357956      5.2995651     -4.2699629    
 0.11307062     0.48239303      2.5241766     -2.4816111     -4.2699629      5.4598038    

 Coulomb  matrix:
  14.421075      8.4091255      3.7213311      3.2804772      1.1455050     0.49770223    
  8.4091255      11.485687      7.7677745      7.0960483      2.8860583      1.2983029    
  3.7213311      7.7677745      8.5832507      8.3431936      4.7469746      2.3567941    
  3.2804772      7.0960483      8.3431936      8.1917814      4.9791869      2.5320270    
  1.1455050      2.8860583      4.7469746      4.9791869      5.3954222      3.7704983    
 0.49770223      1.2983029      2.3567941      2.5320270      3.7704983      3.6826329    

 Exact exchange  matrix:
  6.9247636      6.7535031      4.0779348      3.6746674      1.2819631     0.53989642    
  6.7535031      7.9100197      5.3660115      4.9148074      1.9676139     0.87229453    
  4.0779348      5.3660115      4.4347079      4.2204400      2.3556438      1.1820737    
  3.6746674      4.9148074      4.2204400      4.0470307      2.3982132      1.2319386    
  1.2819631      1.9676139      2.3556438      2.3982132      2.2288706      1.4869478    
 0.53989642     0.87229453      1.1820737      1.2319386      1.4869478      1.3237734    
 Calculated number of electrons:
   5.9998837633575866     

 Exchange-correlation potential matrix:
 -3.7054570     -2.0116473    -0.87686868    -0.77220782    -0.26857818    -0.11659580    
 -2.0116473     -2.2938209     -1.4137306     -1.2813817    -0.50404592    -0.22504331    
-0.87686868     -1.4137306     -1.3017883     -1.2446455    -0.65917299    -0.32179958    
-0.77220782     -1.2813817     -1.2446455     -1.2010495    -0.67655295    -0.33772625    
-0.26857818    -0.50404592    -0.65917299    -0.67655295    -0.64769813    -0.43167222    
-0.11659580    -0.22504331    -0.32179958    -0.33772625    -0.43167222    -0.39341097    

 Fock matrix F:
  37.114035     -11.512107     -10.534243     -9.6337542     -3.8515237     -1.7187064    
 -11.512107     -5.8220792     -7.8936967     -7.7399309     -4.2560829     -2.0487727    
 -10.534243     -7.8936967     -5.4131420     -5.2339767     -3.6226673     -2.0161364    
 -9.6337542     -7.7399309     -5.2339767     -5.0179263     -3.4651668     -1.9802481    
 -3.8515237     -4.2560829     -3.6226673     -3.4651668     -2.1426759     -1.4041711    
 -1.7187064     -2.0487727     -2.0161364     -1.9802481     -1.4041711    -0.89154704    

 Transformed Fock matrix F':
  68.278447     -42.790832      14.009467     -12.909740     -1.7212948     0.37311359    
 -42.790832      27.704354     -22.162156      5.1974260      1.4562895    -0.92271943    
  14.009467     -22.162156      21.432070     -12.168065     -3.5943980     0.46758145    
 -12.909740      5.1974260     -12.168065      7.1007262    -0.67249118    -0.55804661    
 -1.7212948      1.4562895     -3.5943980    -0.67249118     0.81923035    -0.75927674    
 0.37311359    -0.92271943     0.46758145    -0.55804661    -0.75927674    -0.35048519E-01

 Orbitals energies:
              1 -9.0024602    
              2-0.35751949    
              3 0.90693804    
              4  6.1783158    
              5  22.292360    
              6  105.28214    

 Transformed coefficients C':
 0.33342724    -0.81786333E-01-0.10802810    -0.18685938    -0.47738669     0.77952083    
 0.62216075    -0.15880438    -0.21759143    -0.48903106    -0.15652946    -0.52602119    
 0.50330711    -0.46573272E-01 0.38253349E-01 0.62856499E-01 0.80759167     0.29477843    
 0.45698117     0.86416052E-03 0.75040913E-01 0.82029649    -0.29129096    -0.16673205    
 0.18693733     0.48622956     0.81804145    -0.22072009    -0.99330311E-01-0.29318257E-01
 0.68167994E-01 0.85410957    -0.51448773     0.19431209E-01 0.26062197E-01 0.97738803E-02

 New coefficients C=XC':
 0.14899362    -0.34298656E-01-0.40709383E-01-0.10784748    -0.10833578      1.4276160    
 0.49078872    -0.12965641    -0.22428264    -0.99029003E-01 -2.0717519     -2.2837896    
 0.42738443    -0.27434095      1.1300501     -10.969921      18.128258      8.9325192    
 0.48386663E-01 0.87030151E-01 -1.7379080      12.670827     -17.177013     -8.0294316    
 0.46104296E-01 0.17891146      2.2954576     -2.3472752      1.3743248     0.55840895    
-0.97676937E-02 0.89560049     -1.6243802     0.81580618    -0.41169524    -0.16963019    

 Kinetic energy:
   47.379167408035741     

 Nuclear-elctron potential energy:
  -95.877625669731046     

 ===> One-electron energy:
  -48.498458261695305     

 Coulomb energy:
   19.484171811101383     

 Exchange-correlation energy
  -4.8513172948925840     

 HF exact exchange energy:
   5.4239534823634834     

 ===> Two-electron energy:
   14.632854516208798     

 ===> Total energy:
  -33.865603745486503     

 :::::::::::::::: Step number           2 ::::::::::::::::

 Density matrix guess:
 0.50065502E-01 0.17340367     0.54166878E-01 0.14994690    -0.18542768     0.67908598E-01
 0.17340367     0.61597411    -0.16250181E-01 0.80449240     -1.0308017     0.48681212    
 0.54166878E-01-0.16250181E-01  3.0698672     -3.9342387      5.1292073     -4.1710110    
 0.14994690     0.80449240     -3.9342387      6.0604795     -7.9429854      5.8009901    
-0.18542768     -1.0308017      5.1292073     -7.9429854      10.606521     -7.1378263    
 0.67908598E-01 0.48681212     -4.1710110      5.8009901     -7.1378263      6.8816136    

 Coulomb  matrix:
  13.088822      7.6642778      3.3953758      2.9933548      1.0455446     0.45429837    
  7.6642778      10.593577      7.1972393      6.5771243      2.6788074      1.2054458    
  3.3953758      7.1972393      8.0132960      7.7952398      4.4542778      2.2144589    
  2.9933548      6.5771243      7.7952398      7.6605018      4.6804548      2.3842722    
  1.0455446      2.6788074      4.4542778      4.6804548      5.1495492      3.6257075    
 0.45429837      1.2054458      2.2144589      2.3842722      3.6257075      3.5851937    

 Exact exchange  matrix:
  5.8504271      5.9816288      3.8900126      3.5486434      1.3367911     0.56181608    
  5.9816288      7.3722632      5.3039829      4.8966218      2.0277261     0.89273956    
  3.8900126      5.3039829      4.3736957      4.1460497      2.2436994      1.1331854    
  3.5486434      4.8966218      4.1460497      3.9535727      2.2676886      1.1770655    
  1.3367911      2.0277261      2.2436994      2.2676886      2.1525272      1.4635731    
 0.56181608     0.89273956      1.1331854      1.1770655      1.4635731      1.3212848    
 Calculated number of electrons:
   5.9998507990087271     

 Exchange-correlation potential matrix:
 -3.4870420     -1.9047427    -0.83165626    -0.73247567    -0.25487439    -0.11065720    
 -1.9047427     -2.2195723     -1.3788481     -1.2502645    -0.49234795    -0.21984359    
-0.83165626     -1.3788481     -1.2611245     -1.2029387    -0.63029575    -0.30719835    
-0.73247567     -1.2502645     -1.2029387     -1.1577221    -0.64564703    -0.32215825    
-0.25487439    -0.49234795    -0.63029575    -0.64564703    -0.63165900    -0.42744335    
-0.11065720    -0.21984359    -0.30719835    -0.32215825    -0.42744335    -0.39735158    

 Fock matrix F:
  36.000197     -12.150050     -10.814985     -9.8811444     -3.9377803     -1.7561717    
 -12.150050     -6.6399405     -8.4293494     -8.2277377     -4.4516357     -2.1364300    
 -10.814985     -8.4293494     -5.9424330     -5.7402237     -3.8864869     -2.1438704    
 -9.8811444     -8.2277377     -5.7402237     -5.5058784     -3.7329929     -2.1124348    
 -3.9377803     -4.4516357     -3.8864869     -3.7329929     -2.3725097     -1.5447331    
 -1.7561717     -2.1364300     -2.1438704     -2.1124348     -1.5447331    -0.99292686    

 Transformed Fock matrix F':
  67.165039     -42.848341      13.956937     -12.896976     -1.7257034     0.37104211    
 -42.848341      26.979587     -22.182308      5.0649535      1.4417621    -0.92450049    
  13.956937     -22.182308      21.005719     -12.241038     -3.5878227     0.44444339    
 -12.896976      5.0649535     -12.241038      6.8678176    -0.72959162    -0.56532715    
 -1.7257034      1.4417621     -3.5878227    -0.72959162     0.67607282    -0.79267855    
 0.37104211    -0.92450049     0.44444339    -0.56532715    -0.79267855    -0.71599883E-01

 Orbitals energies:
              1 -9.7471578    
              2-0.47614983    
              3 0.78764756    
              4  5.9065696    
              5  21.780839    
              6  104.37089    

 Transformed coefficients C':
 0.33974335    -0.89273165E-01-0.10387209    -0.18641269    -0.47531247     0.77790984    
 0.63065162    -0.17322842    -0.20925403    -0.47862990    -0.14620209    -0.52727751    
 0.49929798    -0.36405121E-01 0.49371296E-01 0.76026308E-01 0.80826278     0.29642866    
 0.44932336     0.18750415E-01 0.93431688E-01 0.81982861    -0.29817179    -0.16733827    
 0.17728124     0.54285371     0.77808415    -0.24033560    -0.99191009E-01-0.29431372E-01
 0.65072287E-01 0.81587692    -0.57344693     0.22440567E-01 0.25865360E-01 0.98214999E-02

 New coefficients C=XC':
 0.15236111    -0.37420710E-01-0.39564636E-01-0.10725969    -0.10984551      1.4271431    
 0.50243111    -0.14558900    -0.21665964    -0.11016226     -2.0618449     -2.2894825    
 0.45254560    -0.26614242     0.99349421     -10.787889      18.225464      8.9715648    
 0.10472280E-01 0.60192512E-01 -1.5478762      12.516246     -17.291277     -8.0658116    
 0.39822759E-01 0.32158998      2.2364918     -2.3775691      1.3923742     0.56134541    
-0.85981466E-02 0.78440702     -1.6702464     0.83429250    -0.41760184    -0.17054990    

 Kinetic energy:
   38.553056000885292     

 Nuclear-elctron potential energy:
  -86.205295130010015     

 ===> One-electron energy:
  -47.652239129124723     

 Coulomb energy:
   17.264011730847493     

 Exchange-correlation energy
  -4.3322054736740432     

 HF exact exchange energy:
   4.8398412954627936     

 ===> Two-electron energy:
   12.931806257173449     

 ===> Total energy:
  -34.720432871951274     

 :::::::::::::::: Step number           3 ::::::::::::::::

 Density matrix guess:
 0.52359156E-01 0.18114213     0.79204703E-01 0.12116856    -0.18890534     0.70839201E-01
 0.18114213     0.64114916     0.10174061     0.66372104     -1.0227385     0.48670793    
 0.79204703E-01 0.10174061      2.5253201     -3.0981732      4.3087490     -3.7440703    
 0.12116856     0.66372104     -3.0981732      4.7993068     -6.8840758      5.2649199    
-0.18890534     -1.0227385      4.3087490     -6.8840758      10.213803     -6.9671545    
 0.70839201E-01 0.48670793     -3.7440703      5.2649199     -6.9671545      6.8101827    

 Coulomb  matrix:
  13.244117      7.7496426      3.4325485      3.0260878      1.0569249     0.45923842    
  7.7496426      10.688467      7.2551045      6.6295313      2.6993533      1.2146118    
  3.4325485      7.2551045      8.0650407      7.8444138      4.4791542      2.2263909    
  3.0260878      6.6295313      7.8444138      7.7075856      4.7053967      2.3964189    
  1.0569249      2.6993533      4.4791542      4.7053967      5.1680249      3.6361185    
 0.45923842      1.2146118      2.2263909      2.3964189      3.6361185      3.5917148    

 Exact exchange  matrix:
  5.9981871      6.0937102      3.9287412      3.5791936      1.3372037     0.56104587    
  6.0937102      7.4543345      5.3192242      4.9054279      2.0218770     0.89017743    
  3.9287412      5.3192242      4.3680886      4.1403179      2.2471483      1.1365187    
  3.5791936      4.9054279      4.1403179      3.9484107      2.2728305      1.1811428    
  1.3372037      2.0218770      2.2471483      2.2728305      2.1578424      1.4653356    
 0.56104587     0.89017743      1.1365187      1.1811428      1.4653356      1.3211027    
 Calculated number of electrons:
   5.9998782959154404     

 Exchange-correlation potential matrix:
 -3.5185400     -1.9201694    -0.83818392    -0.73821234    -0.25685331    -0.11151481    
 -1.9201694     -2.2301604     -1.3831956     -1.2540569    -0.49361157    -0.22038699    
-0.83818392     -1.3831956     -1.2632622     -1.2050338    -0.63170045    -0.30791897    
-0.73821234     -1.2540569     -1.2050338     -1.1598344    -0.64717907    -0.32294168    
-0.25685331    -0.49361157    -0.63170045    -0.64717907    -0.63222836    -0.42731986    
-0.11151481    -0.22038699    -0.30791897    -0.32294168    -0.42731986    -0.39674470    

 Fock matrix F:
  36.123994     -12.080112     -10.784340     -9.8541482     -3.9283789     -1.7520892    
 -12.080112     -6.5556387     -8.3758318     -8.1791231     -4.4323534     -2.1278074    
 -10.784340     -8.3758318     -5.8928260     -5.6931448     -3.8630152     -2.1326590    
 -9.8541482     -8.1791231     -5.6931448     -5.4609069     -3.7095830     -2.1010716    
 -3.9283789     -4.4323534     -3.8630152     -3.7095830     -2.3546034     -1.5341986    
 -1.7520892     -2.1278074     -2.1326590     -2.1010716     -1.5341986    -0.98579885    

 Transformed Fock matrix F':
  67.288715     -42.840632      13.963940     -12.898259     -1.7251872     0.37132872    
 -42.840632      27.052369     -22.180609      5.0798228      1.4436242    -0.92426424    
  13.963940     -22.180609      21.043731     -12.233848     -3.5876504     0.44664344    
 -12.898259      5.0798228     -12.233848      6.8863696    -0.72526631    -0.56467888    
 -1.7251872      1.4436242     -3.5876504    -0.72526631     0.68563814    -0.79024918    
 0.37132872    -0.92426424     0.44664344    -0.56467888    -0.79024918    -0.69490058E-01

 Orbitals energies:
              1 -9.6709801    
              2-0.46692537    
              3 0.79636311    
              4  5.9302368    
              5  21.830094    
              6  104.46854    

 Transformed coefficients C':
 0.33896559    -0.88668393E-01-0.10420661    -0.18643273    -0.47556601     0.77811377    
 0.62967554    -0.17214898    -0.21002951    -0.47976919    -0.14743963    -0.52710921    
 0.49982215    -0.37545023E-01 0.48214815E-01 0.74532833E-01 0.80816652     0.29623511    
 0.45022102     0.16929592E-01 0.91686370E-01 0.81985753    -0.29742821    -0.16726661    
 0.17835681     0.53833134     0.78156237    -0.23843597    -0.99154589E-01-0.29413048E-01
 0.65412061E-01 0.81914942    -0.56873349     0.22161489E-01 0.25888729E-01 0.98158648E-02

 New coefficients C=XC':
 0.15193209    -0.37160288E-01-0.39649000E-01-0.10729565    -0.10966010      1.4272049    
 0.50100408    -0.14421519    -0.21718156    -0.10891367     -2.0630783     -2.2887812    
 0.45039526    -0.26618665      1.0047381     -10.808657      18.214866      8.9669449    
 0.14216315E-01 0.60959281E-01 -1.5642485      12.534177     -17.278803     -8.0615270    
 0.40521588E-01 0.31042897      2.2421375     -2.3748988      1.3904966     0.56101414    
-0.87393389E-02 0.79351458     -1.6669401     0.83261219    -0.41699816    -0.17044761    

 Kinetic energy:
   39.555812282805341     

 Nuclear-elctron potential energy:
  -87.365783768667143     

 ===> One-electron energy:
  -47.809971485861801     

 Coulomb energy:
   17.470433942770292     

 Exchange-correlation energy
  -4.3900572212998474     

 HF exact exchange energy:
   4.9081880825971531     

 ===> Two-electron energy:
   13.080376721470444     

 ===> Total energy:
  -34.729594764391358     

 :::::::::::::::: Step number           4 ::::::::::::::::

 Density matrix guess:
 0.52072583E-01 0.18017742     0.76968419E-01 0.12383108    -0.18855521     0.70554980E-01
 0.18017742     0.63794189     0.91654889E-01 0.67611423     -1.0228360     0.48642670    
 0.76968419E-01 0.91654889E-01  2.5664196     -3.1629672      4.3767590     -3.7799945    
 0.12383108     0.67611423     -3.1629672      4.9015832     -6.9755212      5.3115128    
-0.18855521     -1.0228360      4.3767590     -6.9755212      10.250377     -6.9830660    
 0.70554980E-01 0.48642670     -3.7799945      5.3115128     -6.9830660      6.8168619    

 Coulomb  matrix:
  13.226520      7.7400317      3.4283708      3.0224095      1.0556467     0.45868362    
  7.7400317      10.678037      7.2488288      6.6238543      2.6971389      1.2136251    
  3.4283708      7.2488288      8.0595980      7.8392587      4.4765882      2.2251653    
  3.0224095      6.6238543      7.8392587      7.7026677      4.7028379      2.3951786    
  1.0556467      2.6971389      4.4765882      4.7028379      5.1661840      3.6350904    
 0.45868362      1.2136251      2.2251653      2.3951786      3.6350904      3.5910782    

 Exact exchange  matrix:
  5.9806114      6.0805513      3.9240740      3.5754548      1.3369431     0.56103133    
  6.0805513      7.4450262      5.3175522      4.9044575      2.0224285     0.89040417    
  3.9240740      5.3175522      4.3690198      4.1412740      2.2469781      1.1362424    
  3.5754548      4.9044575      4.1412740      3.9493217      2.2725084      1.1808020    
  1.3369431      2.0224285      2.2469781      2.2725084      2.1574497      1.4652169    
 0.56103133     0.89040417      1.1362424      1.1808020      1.4652169      1.3211447    
 Calculated number of electrons:
   5.9998750632540885     

 Exchange-correlation potential matrix:
 -3.5148008     -1.9183525    -0.83741686    -0.73753833    -0.25662095    -0.11141412    
 -1.9183525     -2.2289600     -1.3827243     -1.2536483    -0.49347963    -0.22033075    
-0.83741686     -1.3827243     -1.2630927     -1.2048725    -0.63159736    -0.30786617    
-0.73753833     -1.2536483     -1.2048725     -1.1596754    -0.64706690    -0.32288464    
-0.25662095    -0.49347963    -0.63159736    -0.64706690    -0.63220697    -0.42735032    
-0.11141412    -0.22033075    -0.30786617    -0.32288464    -0.42735032    -0.39681337    

 Fock matrix F:
  36.110136     -12.087906     -10.787751     -9.8571524     -3.9294248     -1.7525433    
 -12.087906     -6.5648684     -8.3816362     -8.1843915     -4.4344359     -2.1287379    
 -10.787751     -8.3816362     -5.8980992     -5.6981386     -3.8654781     -2.1338318    
 -9.8571524     -8.1843915     -5.6981386     -5.4656659     -3.7120297     -2.1022548    
 -3.9294248     -4.4344359     -3.8654781     -3.7120297     -2.3564230     -1.5352571    
 -1.7525433     -2.1287379     -2.1338318     -2.1022548     -1.5352571    -0.98650412    

 Transformed Fock matrix F':
  67.274868     -42.841529      13.963121     -12.898119     -1.7252458     0.37129488    
 -42.841529      27.044465     -22.180797      5.0781648      1.4434125    -0.92429174    
  13.963121     -22.180797      21.039765     -12.234597     -3.5876743     0.44641527    
 -12.898119      5.0781648     -12.234597      6.8844669    -0.72571730    -0.56475218    
 -1.7252458      1.4434125     -3.5876743    -0.72571730     0.68470471    -0.79048549    
 0.37129488    -0.92429174     0.44641527    -0.56475218    -0.79048549    -0.69691225E-01

 Orbitals energies:
              1 -9.6792865    
              2-0.46785176    
              3 0.79546363    
              4  5.9277515    
              5  21.824785    
              6  104.45772    

 Transformed coefficients C':
 0.33905532    -0.88730425E-01-0.10417239    -0.18643020    -0.47553758     0.77809016    
 0.62978674    -0.17225776    -0.20994735    -0.47964140    -0.14729960    -0.52712902    
 0.49976134    -0.37419816E-01 0.48343295E-01 0.74700069E-01 0.80817876     0.29625711    
 0.45011913     0.17127140E-01 0.91877938E-01 0.81985718    -0.29750845    -0.16727465    
 0.17823527     0.53879948     0.78120412    -0.23864123    -0.99159167E-01-0.29415173E-01
 0.65373642E-01 0.81881360    -0.56922027     0.22189717E-01 0.25886388E-01 0.98165314E-02

 New coefficients C=XC':
 0.15198181    -0.37187391E-01-0.39640879E-01-0.10729231    -0.10968174      1.4271977    
 0.50116886    -0.14435722    -0.21712979    -0.10904885     -2.0629372     -2.2888619    
 0.45061751    -0.26620825      1.0035506     -10.806366      18.216027      8.9674694    
 0.13810712E-01 0.60924154E-01 -1.5625093      12.532199     -17.280169     -8.0620126    
 0.40441802E-01 0.31157038      2.2415429     -2.3751837      1.3907007     0.56105133    
-0.87230663E-02 0.79257950     -1.6672788     0.83278982    -0.41706342    -0.17045905    

 Kinetic energy:
   39.438500497852246     

 Nuclear-elctron potential energy:
  -87.232643304945469     

 ===> One-electron energy:
  -47.794142807093223     

 Coulomb energy:
   17.447987440903297     

 Exchange-correlation energy
  -4.3835032166866181     

 HF exact exchange energy:
   4.9004297102269447     

 ===> Two-electron energy:
   13.064484224216679     

 ===> Total energy:
  -34.729658582876546     

 :::::::::::::::: Step number           5 ::::::::::::::::

 Density matrix guess:
 0.52105546E-01 0.18028807     0.77207255E-01 0.12354522    -0.18859360     0.70585367E-01
 0.18028807     0.63830916     0.92727620E-01 0.67478793     -1.0228300     0.48645917    
 0.77207255E-01 0.92727620E-01  2.5620737     -3.1561047      4.3695659     -3.7762412    
 0.12354522     0.67478793     -3.1561047      4.8906755     -6.9657817      5.3066106    
-0.18859360     -1.0228300      4.3695659     -6.9657817      10.246452     -6.9813706    
 0.70585367E-01 0.48645917     -3.7762412      5.3066106     -6.9813706      6.8161536    

 Coulomb  matrix:
  13.228507      7.7411152      3.4288416      3.0228240      1.0557907     0.45874613    
  7.7411152      10.679206      7.2495295      6.6244879      2.6973857      1.2137350    
  3.4288416      7.2495295      8.0602004      7.8398287      4.4768706      2.2253000    
  3.0228240      6.6244879      7.8398287      7.7032108      4.7031191      2.3953147    
  1.0557907      2.6973857      4.4768706      4.7031191      5.1663846      3.6352021    
 0.45874613      1.2137350      2.2253000      2.3953147      3.6352021      3.5911471    

 Exact exchange  matrix:
  5.9826179      6.0820531      3.9246134      3.5758892      1.3369809     0.56103677    
  6.0820531      7.4460844      5.3177439      4.9045701      2.0223696     0.89038012    
  3.9246134      5.3177439      4.3689053      4.1411558      2.2469890      1.1362699    
  3.5758892      4.9045701      4.1411558      3.9492076      2.2725355      1.1808365    
  1.3369809      2.0223696      2.2469890      2.2725355      2.1574881      1.4652282    
 0.56103677     0.89038012      1.1362699      1.1808365      1.4652282      1.3211394    
 Calculated number of electrons:
   5.9998754296609684     

 Exchange-correlation potential matrix:
 -3.5152284     -1.9185600    -0.83750444    -0.73761528    -0.25664747    -0.11142562    
 -1.9185600     -2.2290962     -1.3827772     -1.2536940    -0.49349426    -0.22033696    
-0.83750444     -1.3827772     -1.2631095     -1.2048882    -0.63160721    -0.30787123    
-0.73761528     -1.2536940     -1.2048882     -1.1596907    -0.64707765    -0.32289011    
-0.25664747    -0.49349426    -0.63160721    -0.64707765    -0.63220820    -0.42734643    
-0.11142562    -0.22033696    -0.30787123    -0.32289011    -0.42734643    -0.39680561    

 Fock matrix F:
  36.111695     -12.087030     -10.787368     -9.8568149     -3.9293073     -1.7524923    
 -12.087030     -6.5638358     -8.3809884     -8.1838037     -4.4342037     -2.1286342    
 -10.787368     -8.3809884     -5.8975136     -5.6975843     -3.8652056     -2.1337021    
 -9.8568149     -8.1838037     -5.6975843     -5.4651380     -3.7117593     -2.1021242    
 -3.9293073     -4.4342037     -3.8652056     -3.7117593     -2.3562236     -1.5351415    
 -1.7524923     -2.1286342     -2.1337021     -2.1021242     -1.5351415    -0.98642749    

 Transformed Fock matrix F':
  67.276426     -42.841427      13.963214     -12.898135     -1.7252392     0.37129874    
 -42.841427      27.045348     -22.180777      5.0783511      1.4434364    -0.92428863    
  13.963214     -22.180777      21.040203     -12.234514     -3.5876712     0.44644052    
 -12.898135      5.0783511     -12.234514      6.8846759    -0.72566774    -0.56474397    
 -1.7252392      1.4434364     -3.5876712    -0.72566774     0.68480556    -0.79045990    
 0.37129874    -0.92428863     0.44644052    -0.56474397    -0.79045990    -0.69669648E-01

 Orbitals energies:
              1 -9.6783579    
              2-0.46775051    
              3 0.79556232    
              4  5.9280265    
              5  21.825377    
              6  104.45893    

 Transformed coefficients C':
 0.33904516    -0.88723609E-01-0.10417614    -0.18643048    -0.47554079     0.77809284    
 0.62977419    -0.17224588    -0.20995645    -0.47965577    -0.14731541    -0.52712676    
 0.49976824    -0.37433857E-01 0.48328884E-01 0.74681249E-01 0.80817735     0.29625463    
 0.45013062     0.17105087E-01 0.91856537E-01 0.81985716    -0.29749948    -0.16727374    
 0.17824896     0.53874800     0.78124357    -0.23861835    -0.99158627E-01-0.29414931E-01
 0.65377967E-01 0.81885053    -0.56916676     0.22186611E-01 0.25886647E-01 0.98164558E-02

 New coefficients C=XC':
 0.15197617    -0.37184402E-01-0.39641753E-01-0.10729267    -0.10967929      1.4271985    
 0.50115020    -0.14434155    -0.21713539    -0.10903372     -2.0629532     -2.2888528    
 0.45059311    -0.26620520      1.0036818     -10.806623      18.215897      8.9674102    
 0.13855866E-01 0.60926676E-01 -1.5627019      12.532421     -17.280016     -8.0619578    
 0.40450805E-01 0.31144524      2.2416088     -2.3751521      1.3906779     0.56104714    
-0.87249092E-02 0.79268223     -1.6672417     0.83277013    -0.41705613    -0.17045776    

 Kinetic energy:
   39.451802912487487     

 Nuclear-elctron potential energy:
  -87.247714536106770     

 ===> One-electron energy:
  -47.795911623619276     

 Coulomb energy:
   17.450489069003801     

 Exchange-correlation energy
  -4.3842423919588462     

 HF exact exchange energy:
   4.9013059594789539     

 ===> Two-electron energy:
   13.066246677044955     

 ===> Total energy:
  -34.729664946574317     

 ******************
 End of  SCF cycle
 ******************
