 _______________________________________________________________
 |                                                             |
 | Program ATOM for calculation of the energy of a single atom |
 |     Developed as a part of  Dr. Hélio Duarte's DFT class    |
 |        ministered at the Chemistry Department of UFMG       |
 |                                                             |
 | By Taís Christofani                                         |
 |_____________________________________________________________|


 ******************
 INPUT INFORMATION
 ******************

 Atomic number:
           6

 Number of electron:
           6

 Number of basis functions:
          12

 Convergence criteria:
   1.0000000000000001E-005

 Maximum number of iterations:
        1000

 Cx
 -0.93000000000000005     

 Mixing coefficient for hybrid functional
   0.0000000000000000     

 Gaussian functions coefficients:
   742.73704910000004     
   136.18002490000001     
   38.098263520000003     
   13.087781769999999     
   5.0823686480000001     
   2.0932000760000000     
   30.497239499999999     
   6.0361996009999999     
   1.8760463370000000     
  0.72178264700000005     
  0.31347069540000000     
  0.14368655499999999     


 ******************
 OUTPUT INFORMATION
 ******************

 * For detailed output information check .log file

 Number of SCF cycles for convergence:

           8

 Charge:
           0

 Ionization potential:
   7.1060305889859884E-002

 Electron affinity:
  -1.0395733349487857     

 Chemical potential
  0.48425651452946289     

 Density:
 0.22005364E-03 0.12675543E-02 0.33879353E-02 0.76934078E-02 0.29668717E-02 0.19977897E-01 0.84309522E-03 0.51136945E-02-0.16841058E-01-0.12023864E-03-0.91275025E-02 0.54193486E-02
 0.12675543E-02 0.73069977E-02 0.19388746E-01 0.44009801E-01 0.12228633E-01 0.13232863     0.50846460E-02 0.33475922E-01-0.11465903     0.21136213E-02-0.61511966E-01 0.39200346E-01
 0.33879353E-02 0.19388746E-01 0.55319596E-01 0.12659320     0.16595098    -0.10576832     0.74704303E-02-0.19185801E-01 0.16471499    -0.83270335E-01 0.65593690E-01-0.11497665    
 0.76934078E-02 0.44009801E-01 0.12659320     0.29071002     0.41217235    -0.34188317     0.15546240E-01-0.70070633E-01 0.48000019    -0.23051828     0.18763757    -0.32065623    
 0.29668717E-02 0.12228633E-01 0.16595098     0.41217235      4.6228955     -15.526106    -0.19904018     -3.6672344      15.971688     -3.0638019      7.7811532     -7.4843062    
 0.19977897E-01 0.13232863    -0.10576832    -0.34188317     -15.526106      56.784274     0.80712464      13.402084     -57.859079      10.072506     -28.658926      26.504751    
 0.84309522E-03 0.50846460E-02 0.74704303E-02 0.15546240E-01-0.19904018     0.80712464     0.12945122E-01 0.19174292    -0.81331269     0.13533794    -0.40384308     0.36738104    
 0.51136945E-02 0.33475922E-01-0.19185801E-01-0.70070633E-01 -3.6672344      13.402084     0.19174292      3.1716822     -13.654487      2.4397217     -6.7232616      6.2830830    
-0.16841058E-01-0.11465903     0.16471499     0.48000019      15.971688     -57.859079    -0.81331269     -13.654487      59.015833     -10.370697      29.190667     -27.094523    
-0.12023864E-03 0.21136213E-02-0.83270335E-01-0.23051828     -3.0638019      10.072506     0.13533794      2.4397217     -10.370697      2.4644275     -4.7543569      5.0774231    
-0.91275025E-02-0.61511966E-01 0.65593690E-01 0.18763757      7.7811532     -28.658926    -0.40384308     -6.7232616      29.190667     -4.7543569      14.662749     -13.220793    
 0.54193486E-02 0.39200346E-01-0.11497665    -0.32065623     -7.4843062      26.504751     0.36738104      6.2830830     -27.094523      5.0774231     -13.220793      12.598125    

 Orbital energies:
              1                -11.972461    
              2                -1.1191877    
              3               -0.71060306E-01
              4                 1.0395733    
              5                 3.9397658    
              6                 10.230411    
              7                 22.372896    
              8                 45.151099    
              9                 90.855673    
             10                 185.25013    
             11                 422.03268    
             12                 1579.3014    

 Total energy:
  -37.141755735469275     

 ---------------------------------------------
 CPU time:  0.34133200000000002      seconds
