 _______________________________________________________________
 |                                                             |
 | Program ATOM for calculation of the energy of a single atom |
 |     Developed as a part of  Dr. Hélio Duarte's DFT class    |
 |        ministered at the Chemistry Department of UFMG       |
 |                                                             |
 | By Taís Christofani                                         |
 |_____________________________________________________________|


 ******************
 INPUT INFORMATION
 ******************

 Atomic number:
           6

 Number of electron:
           6

 Number of basis functions:
          12

 Convergence criteria:
   1.0000000000000001E-005

 Maximum number of iterations:
        1000

 Cx
 -0.93000000000000005     

 Mixing coefficient for hybrid functional
   1.0000000000000000     

 Gaussian functions coefficients:
   742.73704910000004     
   136.18002490000001     
   38.098263520000003     
   13.087781769999999     
   5.0823686480000001     
   2.0932000760000000     
   30.497239499999999     
   6.0361996009999999     
   1.8760463370000000     
  0.72178264700000005     
  0.31347069540000000     
  0.14368655499999999     


 ******************
 OUTPUT INFORMATION
 ******************

 * For detailed output information check .log file

 Number of SCF cycles for convergence:

           5

 Charge:
           0

 Ionization potential:
  -1.7128427025527821E-002

 Electron affinity:
  -1.4983668156305496     

 Chemical potential
  0.75774762132803875     

 Density:
 0.20750721E-03 0.11165028E-02 0.35960998E-02 0.74168330E-02 0.48920115E-02 0.17631421E-01 0.11799701E-03 0.32717505E-02-0.14410452E-01 0.91356692E-03-0.94921420E-02 0.50474640E-02
 0.11165028E-02 0.60145078E-02 0.19162008E-01 0.39411556E-01 0.19235750E-01 0.11861080     0.95793995E-03 0.23396970E-01-0.10174700     0.98517299E-02-0.62801392E-01 0.37094759E-01
 0.35960998E-02 0.19162008E-01 0.67429267E-01 0.14229983     0.27733229    -0.33061410    -0.66715275E-02-0.99480513E-01 0.40004381    -0.12475855     0.13874310    -0.18153170    
 0.74168330E-02 0.39411556E-01 0.14229983     0.30247841     0.69243249     -1.0688374    -0.19136662E-01-0.30136086      1.2216692    -0.35307036     0.45709285    -0.54143944    
 0.48920115E-02 0.19235750E-01 0.27733229     0.69243249      7.3782811     -23.628176    -0.32632452     -5.8204530      24.212549     -5.2470497      11.296591     -10.032998    
 0.17631421E-01 0.11861080    -0.33061410     -1.0688374     -23.628176      81.511692      1.1023884      19.859070     -82.878539      17.221959     -39.656767      34.083496    
 0.11799701E-03 0.95793995E-03-0.66715275E-02-0.19136662E-01-0.32632452      1.1023884     0.14999563E-01 0.26949101     -1.1233029     0.23721435    -0.53231160     0.46320823    
 0.32717505E-02 0.23396970E-01-0.99480513E-01-0.30136086     -5.8204530      19.859070     0.26949101      4.8483406     -20.215286      4.2517409     -9.6021097      8.3295053    
-0.14410452E-01-0.10174700     0.40004381      1.2216692      24.212549     -82.878539     -1.1233029     -20.215286      84.335337     -17.606998      40.243054     -34.711057    
 0.91356692E-03 0.98517299E-02-0.12475855    -0.35307036     -5.2470497      17.221959     0.23721435      4.2517409     -17.606998      4.0377162     -7.8910412      7.3532667    
-0.94921420E-02-0.62801392E-01 0.13874310     0.45709285      11.296591     -39.656767    -0.53231160     -9.6021097      40.243054     -7.8910412      19.924403     -16.413544    
 0.50474640E-02 0.37094759E-01-0.18153170    -0.54143944     -10.032998      34.083496     0.46320823      8.3295053     -34.711057      7.3532667     -16.413544      14.318231    

 Orbital energies:
              1                -11.864495    
              2                -1.0242224    
              3                0.17128427E-01
              4                 1.4983668    
              5                 4.6690285    
              6                 11.262483    
              7                 23.777670    
              8                 47.034239    
              9                 93.602487    
             10                 188.94482    
             11                 429.06339    
             12                 1579.6407    

 Total energy:
  -36.645285896228756     

 ---------------------------------------------
 CPU time:  0.24289500000000000      seconds
