 _______________________________________________________________
 |                                                             |
 | Program ATOM for calculation of the energy of a single atom |
 |     Developed as a part of  Dr. Hélio Duarte's DFT class    |
 |        ministered at the Chemistry Department of UFMG       |
 |                                                             |
 | By Taís Christofani                                         |
 |_____________________________________________________________|


 ******************
 INPUT INFORMATION
 ******************

 Atomic number:
           6

 Number of electron:
           6

 Number of basis functions:
          12

 Convergence criteria:
   1.0000000000000001E-005

 Maximum number of iterations:
        1000

 Cx
 -0.93000000000000005     

 Mixing coefficient for hybrid functional
  0.25000000000000000     

 Gaussian functions coefficients:
   742.73704910000004     
   136.18002490000001     
   38.098263520000003     
   13.087781769999999     
   5.0823686480000001     
   2.0932000760000000     
   30.497239499999999     
   6.0361996009999999     
   1.8760463370000000     
  0.72178264700000005     
  0.31347069540000000     
  0.14368655499999999     


 ******************
 OUTPUT INFORMATION
 ******************

 * For detailed output information check .log file

 Number of SCF cycles for convergence:

           6

 Charge:
           0

 Ionization potential:
   4.9875840399502727E-002

 Electron affinity:
  -1.1524946383731833     

 Chemical potential
  0.55130939898684028     

 Density:
 0.21697043E-03 0.12280949E-02 0.34510186E-02 0.76306328E-02 0.34477618E-02 0.19296915E-01 0.64488259E-03 0.46615856E-02-0.16125402E-01 0.13380964E-03-0.92320962E-02 0.53252767E-02
 0.12280949E-02 0.69572070E-02 0.19392419E-01 0.42838403E-01 0.14110842E-01 0.12802336     0.39008123E-02 0.30837298E-01-0.11047987     0.40853805E-02-0.61872659E-01 0.38621552E-01
 0.34510186E-02 0.19392419E-01 0.58518516E-01 0.13086951     0.19265810    -0.16030745     0.39771997E-02-0.37899541E-01 0.22203962    -0.93349447E-01 0.82912833E-01-0.13169067    
 0.76306328E-02 0.42838403E-01 0.13086951     0.29383649     0.48041689    -0.52192789     0.64710946E-02-0.12596636     0.66412104    -0.25894218     0.25237443    -0.37684058    
 0.34477618E-02 0.14110842E-01 0.19265810     0.48041689      5.2945244     -17.505598    -0.22895647     -4.1916409      17.981613     -3.5855587      8.6500511     -8.1417498    
 0.19296915E-01 0.12802336    -0.16030745    -0.52192789     -17.505598      62.753220     0.87498562      14.974922     -63.882781      11.785950     -31.342506      28.433026    
 0.64488259E-03 0.39008123E-02 0.39771997E-02 0.64710946E-02-0.22895647     0.87498562     0.12878004E-01 0.20913885    -0.88466488     0.16029426    -0.43471400     0.39132437    
 0.46615856E-02 0.30837298E-01-0.37899541E-01-0.12596636     -4.1916409      14.974922     0.20913885      3.5801421     -15.248980      2.8721017     -7.4352315      6.8108712    
-0.16125402E-01-0.11047987     0.22203962     0.66412104      17.981613     -63.882781    -0.88466488     -15.248980      65.095833     -12.106076      31.877273     -29.023821    
 0.13380964E-03 0.40853805E-02-0.93349447E-01-0.25894218     -3.5855587      11.785950     0.16029426      2.8721017     -12.106076      2.8238555     -5.4918235      5.6409350    
-0.92320962E-02-0.61872659E-01 0.82912833E-01 0.25237443      8.6500511     -31.342506    -0.43471400     -7.4352315      31.877273     -5.4918235      15.946679     -14.030157    
 0.53252767E-02 0.38621552E-01-0.13169067    -0.37684058     -8.1417498      28.433026     0.39132437      6.8108712     -29.023821      5.6409350     -14.030157      13.046146    

 Orbital energies:
              1                -11.947611    
              2                -1.0959965    
              3               -0.49875840E-01
              4                 1.1524946    
              5                 4.1202339    
              6                 10.487576    
              7                 22.724825    
              8                 45.622926    
              9                 91.543909    
             10                 186.18172    
             11                 423.81158    
             12                 1579.3845    

 Total energy:
  -37.025372503177969     

 ---------------------------------------------
 CPU time:  0.26151500000000000      seconds
