
 Overlap matrix S:
  1.0000000     0.61565089     0.28282059     0.13325672     0.66607913E-01 0.34450332E-01 0.24288464     0.75634253E-01 0.31747386E-01 0.15545001E-01 0.83232225E-02 0.46382565E-02
 0.61565089      1.0000000     0.75152600     0.42543220     0.22732114     0.12067880     0.68000312     0.25602303     0.11142418     0.55121510E-01 0.29621690E-01 0.16532367E-01
 0.28282059     0.75152600      1.0000000     0.81497831     0.51741618     0.29623148     0.99077676     0.56967846     0.27509651     0.14042507     0.76326565E-01 0.42803170E-01
 0.13325672     0.42543220     0.81497831      1.0000000     0.85056276     0.57260191     0.87777667     0.89618930     0.53896819     0.29698149     0.16619737     0.94372305E-01
 0.66607913E-01 0.22732114     0.51741618     0.85056276      1.0000000     0.86679856     0.58544793     0.99447532     0.83610688     0.53615623     0.32000282     0.18702330    
 0.34450332E-01 0.12067880     0.29623148     0.57260191     0.86679856      1.0000000     0.34333108     0.81778291     0.99775435     0.81610169     0.55230088     0.34335960    
 0.24288464     0.68000312     0.99077676     0.87777667     0.58544793     0.34333108      1.0000000     0.64014337     0.31944264     0.16478447     0.89915702E-01 0.50506778E-01
 0.75634253E-01 0.25602303     0.56967846     0.89618930     0.99447532     0.81778291     0.64014337      1.0000000     0.78451399     0.48550862     0.28519285     0.16546612    
 0.31747386E-01 0.11142418     0.27509651     0.53896819     0.83610688     0.99775435     0.31944264     0.78451399      1.0000000     0.84794299     0.58627703     0.36863694    
 0.15545001E-01 0.55121510E-01 0.14042507     0.29698149     0.53615623     0.81610169     0.16478447     0.48550862     0.84794299      1.0000000     0.88090195     0.64199921    
 0.83232225E-02 0.29621690E-01 0.76326565E-01 0.16619737     0.32000282     0.55230088     0.89915702E-01 0.28519285     0.58627703     0.88090195      1.0000000     0.89465663    
 0.46382565E-02 0.16532367E-01 0.42803170E-01 0.94372305E-01 0.18702330     0.34335960     0.50506778E-01 0.16546612     0.36863694     0.64199921     0.89465663      1.0000000    

 Nuclear matrix N:
 -260.93891     -123.57049     -53.505330     -24.803101     -12.331914     -6.3654390     -45.725862     -14.011995     -5.8651566     -2.8696274     -1.5360557    -0.85589524    
 -123.57049     -111.73211     -67.169475     -35.190038     -18.291925     -9.6074098     -59.436795     -20.670924     -8.8636686     -4.3664852     -2.3429990     -1.3068539    
 -53.505330     -67.169475     -59.098150     -39.475545     -23.019231     -12.714650     -55.555867     -25.622708     -11.775568     -5.9235077     -3.2026832     -1.7920588    
 -24.803101     -35.190038     -39.475545     -34.638121     -24.546633     -15.104593     -39.233673     -26.533541     -14.115322     -7.4718075     -4.1191077     -2.3241004    
 -12.331914     -18.291925     -23.019231     -24.546633     -21.585116     -15.720004     -23.642596     -22.450434     -14.932182     -8.7451451     -5.0325676     -2.8946031    
 -6.3654390     -9.6074098     -12.714650     -15.104593     -15.720004     -13.852452     -13.269805     -15.786053     -13.458106     -9.2701859     -5.8008332     -3.4767821    
 -45.725862     -59.436795     -55.555867     -39.233673     -23.642596     -13.269805     -52.875144     -26.195629     -12.305311     -6.2335037     -3.3790350     -1.8928095    
 -14.011995     -20.670924     -25.622708     -26.533541     -22.450434     -15.786053     -26.195629     -23.523563     -14.940216     -8.5449941     -4.8654221     -2.7848744    
 -5.8651566     -8.8636686     -11.775568     -14.115322     -14.932182     -13.458106     -12.305311     -14.940216     -13.114239     -9.2529078     -5.8733157     -3.5469260    
 -2.8696274     -4.3664852     -5.9235077     -7.4718075     -8.7451451     -9.2701859     -6.2335037     -8.5449941     -9.2529078     -8.1343811     -6.0681623     -4.0435852    
 -1.5360557     -2.3429990     -3.2026832     -4.1191077     -5.0325676     -5.8008332     -3.3790350     -4.8654221     -5.8733157     -6.0681623     -5.3606786     -4.0953921    
-0.85589524     -1.3068539     -1.7920588     -2.3241004     -2.8946031     -3.4767821     -1.8928095     -2.7848744     -3.5469260     -4.0435852     -4.0953921     -3.6293543    

 Kinect energy matrix:
  1114.1055      212.54767      30.747732      5.1415057      1.0086757     0.21572634      21.345474      1.3585891     0.17822852     0.33627655E-01 0.78239566E-02 0.19989785E-02
  212.54767      204.27003      67.118238      15.239296      3.3412893     0.74634265      50.831124      4.4394393     0.61858894     0.11872796     0.27792618E-01 0.71189251E-02
  30.747732      67.118238      57.147393      23.816993      6.9605505      1.7633338      50.346248      8.9051648      1.4756185     0.29841554     0.71192651E-01 0.18381394E-01
  5.1415057      15.239296      23.816993      19.631672      9.3411702      3.0999233      24.115406      11.106375      2.6530856     0.60945707     0.15263811     0.40238329E-01
  1.0086757      3.3412893      6.9605505      9.3411702      7.6235526      3.8553161      7.6512967      8.2318251      3.4370229      1.0165915     0.28345175     0.78401661E-01
 0.21572634     0.74634265      1.7633338      3.0999233      3.8553161      3.1398000      2.0175087      3.8130730      2.9613593      1.3140351     0.45173941     0.13850113    
  21.345474      50.831124      50.346248      24.115406      7.6512967      2.0175087      45.745857      9.6768064      1.6936803     0.34856613     0.83697511E-01 0.21669339E-01
  1.3585891      4.4394393      8.9051648      11.106375      8.2318251      3.8130730      9.6768064      9.0542990      3.3684438     0.93901204     0.25495835     0.69667393E-01
 0.17822852     0.61858894      1.4756185      2.6530856      3.4370229      2.9613593      1.6936803      3.3684438      2.8140694      1.3259506     0.47240697     0.14759983    
 0.33627655E-01 0.11872796     0.29841554     0.60945707      1.0165915      1.3140351     0.34856613     0.93901204      1.3259506      1.0826739     0.57757122     0.23079515    
 0.78239566E-02 0.27792618E-01 0.71192651E-01 0.15263811     0.28345175     0.45173941     0.83697511E-01 0.25495835     0.47240697     0.57757122     0.47020602     0.26443875    
 0.19989785E-02 0.71189251E-02 0.18381394E-01 0.40238329E-01 0.78401661E-01 0.13850113     0.21669339E-01 0.69667393E-01 0.14759983     0.23079515     0.26443875     0.21552982    

 Transformation matrix X=S^(-1/2):
  1.2487662    -0.60147342     0.48626567    -0.17114464E-01 0.10685731    -0.42268994E-01-0.29632675    -0.94584526E-01 0.26786957E-01 0.30929182E-02-0.22121528E-02 0.67306570E-03
-0.60147342      2.0847811     -2.7687044    -0.79703126E-01-0.72769197     0.27152836      1.7394316     0.74714414    -0.19078471    -0.10704356E-01 0.78401640E-02-0.23054283E-02
 0.48626567     -2.7687044      27.308876      10.782283      16.810861     -6.0222210     -30.393670     -20.474079      4.9289416    -0.29826482     0.14148948    -0.43431989E-01
-0.17114464E-01-0.79703126E-01  10.782283      15.031093      24.421462     -10.917268     -17.172266     -30.983793      9.9554064    -0.95073975     0.38818898    -0.97143666E-01
 0.10685731    -0.72769197      16.810861      24.421462      140.05054     -109.88641     -24.175772     -134.15585      89.639674     -1.8809094     0.14842841     0.75235017E-02
-0.42268994E-01 0.27152836     -6.0222210     -10.917268     -109.88641      190.74386      8.7609775      92.862657     -173.73903      11.736968     -4.6533144      1.2871588    
-0.29632675      1.7394316     -30.393670     -17.172266     -24.175772      8.7609775      38.824744      30.121463     -7.4344916     0.59060571    -0.28284827     0.82839372E-01
-0.94584526E-01 0.74714414     -20.474079     -30.983793     -134.15585      92.862657      30.121463      137.63001     -77.505541      2.6619827    -0.55550024     0.86325629E-01
 0.26786957E-01-0.19078471      4.9289416      9.9554064      89.639674     -173.73903     -7.4344916     -77.505541      165.38976     -15.385804      6.3580351     -1.7478664    
 0.30929182E-02-0.10704356E-01-0.29826482    -0.95073975     -1.8809094      11.736968     0.59060571      2.6619827     -15.385804      7.2881915     -4.6109399      1.3013605    
-0.22121528E-02 0.78401640E-02 0.14148948     0.38818898     0.14842841     -4.6533144    -0.28284827    -0.55550024      6.3580351     -4.6109399      5.9273740     -2.5516617    
 0.67306570E-03-0.23054283E-02-0.43431989E-01-0.97143666E-01 0.75235017E-02  1.2871588     0.82839372E-01 0.86325629E-01 -1.7478664      1.3013605     -2.5516617      2.4653811    

 XtSX:
  1.0000000    -0.36025328E-15-0.49478616E-14-0.40832206E-14-0.13456549E-13 0.11020048E-13 0.55240033E-14 0.13377449E-13-0.11013000E-13 0.21793548E-14-0.12602766E-14 0.10575308E-14
-0.94724753E-16  1.0000000    -0.26628276E-14-0.62624060E-14-0.39518624E-13 0.90727773E-13-0.92501419E-15 0.32868944E-13-0.92293360E-13 0.11080980E-13-0.58685695E-14 0.23288663E-14
-0.90253355E-14 0.26795277E-14  1.0000000     0.65694303E-13 0.23712948E-12-0.10901679E-11-0.10796615E-12-0.18763810E-12 0.10553676E-11-0.12202912E-12 0.58866106E-13-0.16519772E-13
-0.55464531E-14-0.15796195E-13 0.22118299E-12  1.0000000     0.58546986E-12-0.17851484E-11-0.26406698E-12-0.44166450E-12 0.16831050E-11-0.16326523E-12 0.56794847E-13-0.13579415E-13
-0.25507127E-13-0.24038592E-13-0.63282279E-13-0.12048184E-11  1.0000000     0.70804335E-11 0.31118511E-12 0.75069456E-11-0.62366362E-11 0.27450264E-12-0.13432311E-12 0.27020053E-13
 0.16041882E-13 0.96813725E-13-0.92658390E-12 0.93940567E-12 0.10546665E-10  1.0000000     0.78701542E-12-0.94728626E-11 0.12156415E-10-0.84107721E-12 0.38447023E-12-0.93619557E-13
 0.77137300E-14 0.91864281E-15 0.88520228E-14 0.11882986E-12 0.35973172E-12 0.87786289E-12  1.0000000    -0.49420450E-12-0.94707228E-12 0.14215278E-12-0.71800205E-13 0.21396079E-13
 0.18074453E-13 0.34437432E-13 0.69486517E-14 0.11535824E-11 0.85521851E-11-0.99866643E-11-0.29329273E-12  1.0000000     0.89465726E-11-0.53723692E-12 0.21149749E-12-0.42577053E-13
-0.86680676E-14-0.12980835E-12 0.16116049E-11 0.19137990E-12-0.80393526E-11 0.16727980E-10-0.18821516E-11 0.60352548E-11  1.0000000     0.13978402E-11-0.75156548E-12 0.20045077E-12
 0.26314942E-14 0.95690600E-14-0.12902006E-12-0.14589024E-13 0.71324197E-12-0.15691337E-11 0.14729537E-12-0.54000554E-12 0.14622747E-11  1.0000000     0.54289906E-13-0.62172489E-14
-0.14281653E-14-0.62001185E-14 0.84886959E-13 0.60791649E-13 0.77395555E-13 0.10735857E-12-0.10685897E-12-0.12349843E-12-0.12678747E-12 0.12878587E-13  1.0000000    -0.66613381E-15
 0.10792148E-14 0.15994150E-14-0.12718993E-13-0.55511151E-16 0.65626324E-13-0.13500312E-12 0.12184698E-13-0.53804183E-13 0.12034818E-12-0.55511151E-14 0.35527137E-14  1.0000000    

 Initial Fock matrix F = Hcore:
  853.16661      88.977179     -22.757599     -19.661596     -11.323238     -6.1497127     -24.380388     -12.653406     -5.6869281     -2.8359998     -1.5282318    -0.85389626    
  88.977179      92.537917    -0.51236496E-01 -19.950742     -14.950636     -8.8610671     -8.6056712     -16.231485     -8.2450797     -4.2477573     -2.3152064     -1.2997350    
 -22.757599    -0.51236496E-01 -1.9507577     -15.658552     -16.058680     -10.951316     -5.2096193     -16.717543     -10.299950     -5.6250922     -3.1314905     -1.7736774    
 -19.661596     -19.950742     -15.658552     -15.006449     -15.205463     -12.004670     -15.118266     -15.427166     -11.462236     -6.8623504     -3.9664696     -2.2838621    
 -11.323238     -14.950636     -16.058680     -15.205463     -13.961563     -11.864688     -15.991299     -14.218609     -11.495159     -7.7285536     -4.7491158     -2.8162014    
 -6.1497127     -8.8610671     -10.951316     -12.004670     -11.864688     -10.712653     -11.252296     -11.972980     -10.496747     -7.9561508     -5.3490938     -3.3382810    
 -24.380388     -8.6056712     -5.2096193     -15.118266     -15.991299     -11.252296     -7.1292869     -16.518823     -10.611630     -5.8849376     -3.2953375     -1.8711401    
 -12.653406     -16.231485     -16.717543     -15.427166     -14.218609     -11.972980     -16.518823     -14.469264     -11.571772     -7.6059821     -4.6104638     -2.7152070    
 -5.6869281     -8.2450797     -10.299950     -11.462236     -11.495159     -10.496747     -10.611630     -11.571772     -10.300169     -7.9269572     -5.4009088     -3.3993262    
 -2.8359998     -4.2477573     -5.6250922     -6.8623504     -7.7285536     -7.9561508     -5.8849376     -7.6059821     -7.9269572     -7.0517072     -5.4905911     -3.8127901    
 -1.5282318     -2.3152064     -3.1314905     -3.9664696     -4.7491158     -5.3490938     -3.2953375     -4.6104638     -5.4009088     -5.4905911     -4.8904726     -3.8309534    
-0.85389626     -1.2997350     -1.7736774     -2.2838621     -2.8162014     -3.3382810     -1.8711401     -2.7152070     -3.3993262     -3.8127901     -3.8309534     -3.4138245    

 Transformed Fock matrix F':
  1218.7139     -452.98918      241.02198     -20.518754      50.918114     -22.214683     -170.90360     -41.590653      12.123610      1.7310308     -1.5287082     0.38263702    
 -452.98918      414.29838     -268.21693      21.884436     -40.015371      15.581440      91.857382      24.975686     -10.655067     -2.1042142      1.2792179    -0.52051081    
  241.02198     -268.21693      343.65150     -37.172583      50.858817     -22.036240     -182.96116     -48.357047      11.178181      2.6066346     -1.9738580     0.46264464    
 -20.518754      21.884436     -37.172583      46.557233      6.5638432    -0.47117965     -25.306353     -30.628794    -0.65678704     -1.9309313     0.92891875    -0.45057297    
  50.918114     -40.015371      50.858817      6.5638432      34.339332     -14.062703     -49.695844     -39.633307      6.5121510    -0.79908654    -0.30229266    -0.12618393    
 -22.214683      15.581440     -22.036240    -0.47117965     -14.062703      9.8274110      14.111476      4.0474807     -8.2609391     -3.3458376     0.41748043    -0.45820872    
 -170.90360      91.857382     -182.96116     -25.306353     -49.695844      14.111476      168.81412      39.679316     -8.3302542     -2.0102574     0.57630905    -0.21451251    
 -41.590653      24.975686     -48.357047     -30.628794     -39.633307      4.0474807      39.679316      54.857504     -10.979731      1.9822397     -1.3064669     0.11683112    
  12.123610     -10.655067      11.178181    -0.65678704      6.5121510     -8.2609391     -8.3302542     -10.979731      3.5625058     -1.5415313    -0.79285132    -0.11666471    
  1.7310308     -2.1042142      2.6066346     -1.9309313    -0.79908654     -3.3458376     -2.0102574      1.9822397     -1.5415313     -1.2116420     -1.6727487    -0.30829634    
 -1.5287082      1.2792179     -1.9738580     0.92891875    -0.30229266     0.41748043     0.57630905     -1.3064669    -0.79285132     -1.6727487     -1.7917669    -0.80406477    
 0.38263702    -0.52051081     0.46264464    -0.45057297    -0.12618393    -0.45820872    -0.21451251     0.11683112    -0.11666471    -0.30829634    -0.80406477     -1.8684260    

 Orbitals energies:
              1 -17.992656    
              2 -4.4990723    
              3 -1.9994574    
              4 -1.0083541    
              5  1.1084231    
              6  6.7321885    
              7  18.276622    
              8  40.402906    
              9  85.578932    
             10  179.33707    
             11  417.53270    
             12  1566.2808    

 Transformed coefficients C':
 0.57194585E-01-0.21591373E-01 0.11803261E-01 0.10566545E-01-0.20210731E-01-0.29855619E-01-0.46874742E-01 0.63231352E-01 0.98699875E-01-0.14975380    -0.49739178     0.84199163    
 0.17461528    -0.67025029E-01 0.36502340E-01 0.32455519E-01-0.57907505E-01-0.92510764E-01-0.12932742     0.22341407     0.40567726    -0.64903543    -0.35442206    -0.41550499    
 0.33043351    -0.13362525     0.73329890E-01 0.66784078E-01-0.11252820    -0.19306013    -0.27996291     0.20081471     0.35451973    -0.68910379E-01 0.69362386     0.28798103    
 0.46323238    -0.17670073     0.90439351E-01 0.73583119E-01-0.13332136    -0.28553893    -0.16845647    -0.46700676    -0.57404074    -0.25311203    -0.28532800E-01-0.20403601E-01
 0.41654791    -0.64025238E-01 0.11409518E-01 0.18141114E-02-0.21759893E-01 0.54640725     0.47582064     0.39483368    -0.29039954    -0.19784559     0.11995949     0.55288271E-01
 0.26642161     0.27905879    -0.23865427    -0.24204290     0.23571648     0.52953691    -0.60896364    -0.15397275     0.29466705E-01 0.44643431E-01-0.41497309E-01-0.22490563E-01
 0.36295943    -0.14896023     0.82054101E-01 0.73578537E-01-0.15305360    -0.16743758    -0.22093483     0.45849476    -0.74222855E-01 0.61014801    -0.34109565    -0.17116766    
 0.43589914    -0.97348624E-01 0.34149270E-01 0.32153786E-01 0.66736606E-01 0.83434077E-01 0.40262303    -0.51455910     0.52242314     0.27052191    -0.10907345    -0.44929844E-01
 0.24553357     0.34016640    -0.27900625    -0.23716507     0.60003534    -0.49306511     0.21680385     0.18040602    -0.74072977E-01-0.29688302E-01 0.25787920E-01 0.13009774E-01
 0.11127592     0.63968341    -0.28184852    -0.57053872E-01-0.68346292    -0.10616544     0.12533463    -0.22978330E-01 0.32370013E-01 0.43474841E-02 0.53140217E-02 0.21629707E-02
 0.53290459E-01 0.48945345     0.36836979     0.74915998     0.23236547     0.55789524E-01-0.56916647E-01 0.14378175E-03-0.17041217E-01-0.33607145E-02-0.29246593E-02-0.15856511E-02
 0.26805760E-01 0.26048211     0.79183789    -0.55061928    -0.26989931E-01-0.16796345E-01 0.14445918E-01 0.14055344E-02 0.41365912E-02 0.15051886E-02 0.92972053E-03 0.45580218E-03

 New coefficients C=XC':
 0.10434042E-01-0.37074759E-02 0.20289667E-02 0.19124502E-02-0.26655713E-02-0.65731058E-02-0.36989156E-02 0.16491709E-01-0.75208188E-04-0.55998802E-01 0.56502552E-01  1.5039392    
 0.56405697E-01-0.20679072E-01 0.11210547E-01 0.85048414E-02-0.28188533E-01-0.46815238E-02-0.91133752E-01-0.41266897E-01 0.34476004     0.37305234     -3.1362590     -2.5485425    
 0.18800728    -0.71816603E-01 0.44896672E-01 0.10391939     0.33556604     -1.1220057      2.0339604      4.9213654     -11.460037     -30.713125      34.365788      16.454715    
 0.39296332    -0.18399556     0.12033463     0.28781959     0.95963471     -3.2970001      6.0637158      16.337487     -27.940923     -28.972894      19.956700      8.8711022    
 0.36348830    -0.12177417     0.25455943      2.6110416      15.796731     -42.954530      95.341674      138.19268     -127.24738     -93.210411      57.709034      26.277418    
 0.13558434    -0.89884791     0.16624175     -7.5938080     -59.060017      135.63764     -165.41010     -144.18772      102.96675      68.957881     -42.558515     -19.924166    
 0.18699128E-02-0.54382903E-02-0.49296325E-02-0.10728837    -0.65863076      1.6467815     -3.6182850     -7.6614697      20.467057      42.592276     -41.040655     -19.002198    
 0.29699989E-01-0.13017353    -0.60548033E-01 -1.9364393     -12.680243      32.943781     -77.203758     -127.80032      128.01887      97.395402     -60.750768     -27.500992    
-0.34418205E-01  1.0990196    -0.36556196      7.6103543      62.470202     -131.55105      149.39826      125.10528     -87.996400     -58.734911      36.304649      17.044036    
-0.13549934E-04 0.76765798     -1.2208767     -3.7431360     -12.264124      12.173929     -8.9971716     -6.2088635      4.1344456      2.7501898     -1.7253340    -0.82459968    
 0.59426704E-03 0.14994091     0.80440928      5.7268561      7.2506797     -4.7926648      3.0635521      2.0302248     -1.3509266    -0.90528898     0.57310999     0.27612209    
-0.20072176E-03-0.77618528E-02 0.82370466     -3.2415835     -2.2833902      1.2552445    -0.76999991    -0.50761302     0.33946795     0.22868370    -0.14545798    -0.70346629E-01
 ******************
 Entering SCF cycle
 ******************

 :::::::::::::::: Step number           1 ::::::::::::::::

 Density matrix guess:
 0.25346262E-03 0.13759048E-02 0.46380561E-02 0.10053020E-01 0.95212390E-02 0.10168897E-01 0.59342035E-04 0.13393124E-02-0.10350845E-01-0.10646666E-01 0.21648359E-02 0.33959038E-02
 0.13759048E-02 0.74698061E-02 0.25186198E-01 0.54638490E-01 0.51749476E-01 0.56197462E-01 0.32533730E-03 0.73766797E-02-0.57532476E-01-0.59123831E-01 0.11901499E-01 0.18766732E-01
 0.46380561E-02 0.25186198E-01 0.85040150E-01 0.18499306     0.17702545     0.19501350     0.10415853E-02 0.24428060E-01-0.20362249    -0.21989288     0.50917558E-01 0.75002581E-01
 0.10053020E-01 0.54638490E-01 0.18499306     0.40550993     0.39175158     0.47733668     0.22844458E-02 0.56672666E-01-0.51945917    -0.57632948     0.13888672     0.20093894    
 0.95212390E-02 0.51749476E-01 0.17702545     0.39175158     0.42350639     0.40211637     0.17410048E-03 0.22468598E-01-0.47880011    -0.80854305     0.37345409     0.42110804    
 0.10168897E-01 0.56197462E-01 0.19501350     0.47733668     0.40211637      1.7078940     0.86444320E-02 0.22193490     -2.1065794     -1.7859406    -0.19341823E-02 0.28776723    
 0.59342035E-04 0.32533730E-03 0.10415853E-02 0.22844458E-02 0.17410048E-03 0.86444320E-02 0.11474570E-03 0.21238748E-02-0.84781209E-02 0.36874028E-02-0.95595062E-02-0.80374508E-02
 0.13393124E-02 0.73766797E-02 0.24428060E-01 0.56672666E-01 0.22468598E-01 0.22193490     0.21238748E-02 0.42986604E-01-0.24390285    -0.52014935E-01-0.13641218    -0.97738542E-01
-0.10350845E-01-0.57532476E-01-0.20362249    -0.51945917    -0.47880011     -2.1065794    -0.84781209E-02-0.24390285      2.6853285      2.5799554    -0.25858779    -0.61927723    
-0.10646666E-01-0.59123831E-01-0.21989288    -0.57632948    -0.80854305     -1.7859406     0.36874028E-02-0.52014935E-01  2.5799554      4.1596776     -1.7339625     -2.0232006    
 0.21648359E-02 0.11901499E-01 0.50917558E-01 0.13888672     0.37345409    -0.19341823E-02-0.95595062E-02-0.13641218    -0.25858779     -1.7339625      1.3391138      1.3228635    
 0.33959038E-02 0.18766732E-01 0.75002581E-01 0.20093894     0.42110804     0.28776723    -0.80374508E-02-0.97738542E-01-0.61927723     -2.0232006      1.3228635      1.3570993    

 Coulomb  matrix:
  16.055887      9.7882543      4.4837187      2.1108291      1.0547970     0.54549491      3.8496318      1.1977774     0.50269195     0.24613136     0.13178361     0.73438203E-01
  9.7882543      15.214976      11.105561      6.2100462      3.3027796      1.7501150      10.014411      3.7219424      1.6156808     0.79869025     0.42909483     0.23945891    
  4.4837187      11.105561      13.631156      10.530590      6.5140943      3.6866764      13.329131      7.1968208      3.4206181      1.7376857     0.94284664     0.52834963    
  2.1108291      6.2100462      10.530590      11.535729      9.1167144      5.9031897      11.067215      9.7096669      5.5387410      2.9975930      1.6661507     0.94335346    
  1.0547970      3.3027796      6.5140943      9.1167144      9.3981686      7.4756213      7.1391292      9.5477248      7.1548561      4.3784156      2.5636889      1.4857213    
 0.54549491      1.7501150      3.6866764      5.9031897      7.4756213      7.4842230      4.1232702      7.2774113      7.3593394      5.4655277      3.5342710      2.1503254    
  3.8496318      10.014411      13.329131      11.067215      7.1391292      4.1232702      13.246076      7.8413371      3.8318437      1.9639003      1.0690798     0.59991690    
  1.1977774      3.7219424      7.1968208      9.7096669      9.5477248      7.2774113      7.8413371      9.7874780      6.9343998      4.1238020      2.3839072      1.3734667    
 0.50269195      1.6156808      3.4206181      5.5387410      7.1548561      7.3593394      3.8318437      6.9343998      7.2623841      5.5485759      3.6483742      2.2393465    
 0.24613136     0.79869025      1.7376857      2.9975930      4.3784156      5.4655277      1.9639003      4.1238020      5.5485759      5.4790038      4.3374573      2.9784235    
 0.13178361     0.42909483     0.94284664      1.6661507      2.5636889      3.5342710      1.0690798      2.3839072      3.6483742      4.3374573      4.1528048      3.3175336    
 0.73438203E-01 0.23945891     0.52834963     0.94335346      1.4857213      2.1503254     0.59991690      1.3734667      2.2393465      2.9784235      3.3175336      3.1110808    

 Exact exchange  matrix:
  1.7312768      2.6658754      2.7407928      2.2626813      1.5680897     0.92579247      2.6800636      1.7014900     0.85757967     0.40953085     0.21074667     0.11984862    
  2.6658754      5.3656247      6.2952683      5.4835742      3.8887969      2.3226356      6.2465781      4.2064628      2.1537707      1.0358097     0.53477896     0.30426924    
  2.7407928      6.2952683      8.3774313      7.8771704      5.8276939      3.5815090      8.4706633      6.2632900      3.3318536      1.6449066     0.86149166     0.49026441    
  2.2626813      5.4835742      7.8771704      7.9534488      6.2519936      4.0900380      8.0851472      6.6447768      3.8372475      2.0425460      1.1168471     0.63560214    
  1.5680897      3.8887969      5.8276939      6.2519936      5.3557155      3.9503023      6.0441153      5.5866627      3.7698476      2.3244978      1.3773455     0.79030977    
 0.92579247      2.3226356      3.5815090      4.0900380      3.9503023      3.4662528      3.7474726      4.0086192      3.3856864      2.5090140      1.6438239     0.98038161    
  2.6800636      6.2465781      8.4706633      8.0851472      6.0441153      3.7474726      8.5939277      6.4845450      3.4901457      1.7398829     0.91630226     0.52142911    
  1.7014900      4.2064628      6.2632900      6.6447768      5.5866627      4.0086192      6.4845450      5.8523070      3.8106975      2.2747692      1.3247637     0.75783106    
 0.85757967      2.1537707      3.3318536      3.8372475      3.7698476      3.3856864      3.4901457      3.8106975      3.3167662      2.5141497      1.6697118      1.0042679    
 0.40953085      1.0358097      1.6449066      2.0425460      2.3244978      2.5090140      1.7398829      2.2747692      2.5141497      2.2826152      1.7389593      1.1760318    
 0.21074667     0.53477896     0.86149166      1.1168471      1.3773455      1.6438239     0.91630226      1.3247637      1.6697118      1.7389593      1.5420742      1.2057140    
 0.11984862     0.30426924     0.49026441     0.63560214     0.79030977     0.98038161     0.52142911     0.75783106      1.0042679      1.1760318      1.2057140      1.0650858    
 Calculated number of electrons:
   6.0025970078966973     

 Exchange-correlation potential matrix:
 -4.3283229     -5.5373435     -2.7286061     -1.3046185    -0.65497731    -0.33930388     -2.3541207    -0.74335329    -0.31271847    -0.15321524    -0.82053360E-01-0.45729718E-01
 -5.5373435     -8.7297973     -5.6568013     -3.0676288     -1.6158794    -0.85318581     -5.0531648     -1.8230355    -0.78744451    -0.38872658    -0.20874088    -0.11646549    
 -2.7286061     -5.6568013     -6.1219057     -4.4754426     -2.6969126     -1.5087214     -5.9035226     -2.9899144     -1.3985950    -0.70705380    -0.38296222    -0.21444416    
 -1.3046185     -3.0676288     -4.4754426     -4.3717035     -3.2053277     -1.9956589     -4.5887564     -3.4513823     -1.8665043    -0.99236101    -0.54792235    -0.30935013    
-0.65497731     -1.6158794     -2.6969126     -3.2053277     -2.9083017     -2.1534758     -2.8622550     -3.0128503     -2.0489760     -1.2131250    -0.70153867    -0.40441017    
-0.33930388    -0.85318581     -1.5087214     -1.9956589     -2.1534758     -1.9683861     -1.6278284     -2.1488166     -1.9207316     -1.3626050    -0.86401543    -0.52094870    
 -2.3541207     -5.0531648     -5.9035226     -4.5887564     -2.8622550     -1.6278284     -5.7733140     -3.1580976     -1.5109661    -0.76934108    -0.41779861    -0.23421179    
-0.74335329     -1.8230355     -2.9899144     -3.4513823     -3.0128503     -2.1488166     -3.1580976     -3.1450129     -2.0363787     -1.1744514    -0.67115353    -0.38478821    
-0.31271847    -0.78744451     -1.3985950     -1.8665043     -2.0489760     -1.9207316     -1.5109661     -2.0363787     -1.8804980     -1.3694134    -0.88154136    -0.53572585    
-0.15321524    -0.38872658    -0.70705380    -0.99236101     -1.2131250     -1.3626050    -0.76934108     -1.1744514     -1.3694134     -1.2576686    -0.95674112    -0.64383462    
-0.82053360E-01-0.20874088    -0.38296222    -0.54792235    -0.70153867    -0.86401543    -0.41779861    -0.67115353    -0.88154136    -0.95674112    -0.86823044    -0.67269502    
-0.45729718E-01-0.11646549    -0.21444416    -0.30935013    -0.40441017    -0.52094870    -0.23421179    -0.38478821    -0.53572585    -0.64383462    -0.67269502    -0.59873055    

 Fock matrix F:
  868.35686      97.432496     -19.644276     -18.682107     -11.052486     -6.0671140     -21.870788     -12.306374     -5.6130259     -2.7946338     -1.5018215    -0.84038237    
  97.432496      105.07008      7.9066905     -16.482483     -13.592255     -8.2722699     -1.7145490     -14.612774     -7.7062842     -3.9669719     -2.1535010     -1.2124107    
 -19.644276      7.9066905      7.4916826     -9.0665471     -12.458433     -9.0553944      3.8841801     -12.652367     -8.5452585     -4.7098597     -2.6193897     -1.4904600    
 -18.682107     -16.482483     -9.0665471     -7.4474439     -9.2147450     -8.1464988     -8.0936254     -9.0398878     -7.8421191     -4.8860304     -2.8587424     -1.6583097    
 -11.052486     -13.592255     -12.458433     -9.2147450     -7.2412522     -6.3642175     -11.874227     -7.4642156     -6.2252263     -4.5123869     -2.8740997     -1.7256350    
 -6.0671140     -8.2722699     -9.0553944     -8.1464988     -6.3642175     -4.9615559     -9.0027621     -6.6998787     -4.8302509     -3.7451301     -2.6367347     -1.6781464    
 -21.870788     -1.7145490      3.8841801     -8.0936254     -11.874227     -9.0027621      1.8198255     -11.919758     -8.5248594     -4.7909787     -2.6844088     -1.5319378    
 -12.306374     -14.612774     -12.652367     -9.0398878     -7.4642156     -6.6998787     -11.919758     -7.6079390     -6.5427213     -4.6195647     -2.8889385     -1.7206558    
 -5.6130259     -7.7062842     -8.5452585     -7.8421191     -6.2252263     -4.8302509     -8.5248594     -6.5427213     -4.6961682     -3.6354561     -2.5873904     -1.6621136    
 -2.7946338     -3.9669719     -4.7098597     -4.8860304     -4.5123869     -3.7451301     -4.7909787     -4.6195647     -3.6354561     -2.7140109     -2.0226134     -1.4223825    
 -1.5018215     -2.1535010     -2.6193897     -2.8587424     -2.8740997     -2.6367347     -2.6844088     -2.8889385     -2.5873904     -2.0226134     -1.5087049     -1.1162768    
-0.84038237     -1.2124107     -1.4904600     -1.6583097     -1.7256350     -1.6781464     -1.5319378     -1.7206558     -1.6621136     -1.4223825     -1.1162768    -0.83528652    

 Transformed Fock matrix F':
  1234.3483     -453.15770      241.00102     -20.652588      50.883011     -22.261909     -171.25250     -41.686694      12.111687      1.7342851     -1.5300107     0.38074814    
 -453.15770      428.10137     -268.95544      21.575686     -40.363062      15.575315      92.075570      24.694818     -10.735381     -2.0979312      1.2864009    -0.52967715    
  241.00102     -268.95544      355.32493     -38.102970      50.993343     -22.308971     -183.25330     -48.847389      11.208313      2.7203766     -2.0081492     0.46967403    
 -20.652588      21.575686     -38.102970      54.475130      7.0237870    -0.49000487     -25.166600     -30.716108    -0.79849067     -1.7970757     0.98435819    -0.46579810    
  50.883011     -40.363062      50.993343      7.0237870      40.055415     -13.743897     -50.455577     -39.267951      7.0954640    -0.90774744    -0.21987934    -0.10796968    
 -22.261909      15.575315     -22.308971    -0.49000487     -13.743897      14.351688      14.264236      4.1336339     -7.4374262     -3.5554840     0.72822306    -0.44824618    
 -171.25250      92.075570     -183.25330     -25.166600     -50.455577      14.264236      178.28197      39.670045     -8.3461957     -2.0680801     0.64025243    -0.23259984    
 -41.686694      24.694818     -48.847389     -30.716108     -39.267951      4.1336339      39.670045      61.559578     -10.882347      2.2429518     -1.3766894     0.16358660    
  12.111687     -10.735381      11.208313    -0.79849067      7.0954640     -7.4374262     -8.3461957     -10.882347      7.2905622     -1.0782956    -0.89531563     0.66965415E-01
  1.7342851     -2.0979312      2.7203766     -1.7970757    -0.90774744     -3.5554840     -2.0680801      2.2429518     -1.0782956      2.1063024     -1.2496918    -0.15043673    
 -1.5300107      1.2864009     -2.0081492     0.98435819    -0.21987934     0.72822306     0.64025243     -1.3766894    -0.89531563     -1.2496918     0.63000361    -0.46720927    
 0.38074814    -0.52967715     0.46967403    -0.46579810    -0.10796968    -0.44824618    -0.23259984     0.16358660     0.66965415E-01-0.15043673    -0.46720927    -0.89691752E-01

 Orbitals energies:
              1 -10.767441    
              2-0.66362575    
              3 0.20284513    
              4  1.5249271    
              5  4.9544596    
              6  11.769675    
              7  24.469402    
              8  47.905989    
              9  94.661811    
             10  190.21545    
             11  430.62960    
             12  1581.5325    

 Transformed coefficients C':
 0.53245299E-01-0.12915278E-01 0.93151720E-02-0.12193659E-01-0.20402817E-01-0.29273387E-01-0.46630583E-01 0.63307660E-01 0.98854921E-01-0.14879108    -0.49777259     0.84238861    
 0.16227937    -0.40234045E-01 0.29019533E-01-0.39297009E-01-0.58579361E-01-0.91205096E-01-0.12559118     0.21834814     0.40382501    -0.65549910    -0.35948455    -0.41530521    
 0.30909506    -0.80502263E-01 0.57494217E-01-0.81679343E-01-0.11525318    -0.19173807    -0.29649378     0.21538021     0.36593103    -0.82329705E-01 0.69308329     0.28742025    
 0.44434699    -0.11558676     0.84327016E-01-0.10533762    -0.13744381    -0.31786578    -0.25807016    -0.41719405    -0.59231797    -0.24134718    -0.29997500E-01-0.20468608E-01
 0.42542342    -0.78185302E-01 0.52813519E-01-0.41457805E-01-0.16443880     0.45140659     0.55728213     0.36396864    -0.28319908    -0.19305740     0.11850051     0.55082905E-01
 0.29678096     0.10022145    -0.10017805     0.27884295     0.24950651     0.66993712    -0.53215652    -0.12283550     0.25164560E-01 0.43871618E-01-0.40982059E-01-0.22401264E-01
 0.34061751    -0.89776452E-01 0.65383937E-01-0.82397852E-01-0.16381265    -0.18386783    -0.22122385     0.48643400    -0.38779086E-01 0.61166520    -0.33742076    -0.17077630    
 0.43850535    -0.92577852E-01 0.56211932E-01-0.10959420    -0.85300481E-02 0.17898809E-01 0.36286910    -0.56145452     0.50418035     0.26268982    -0.10710421    -0.44702945E-01
 0.27660540     0.13445614    -0.16489737     0.18463522     0.80541057    -0.34963246     0.19846648     0.16607660    -0.67999082E-01-0.28188114E-01 0.25385931E-01 0.12937920E-01
 0.13621882     0.45163531    -0.41025976     0.59934515    -0.44578610    -0.19582222     0.10486183    -0.29575808E-01 0.30861037E-01 0.37440389E-02 0.53723316E-02 0.21662441E-02
 0.65988306E-01 0.60808792    -0.37109886    -0.69276841     0.87873171E-03 0.72974118E-01-0.50979199E-01 0.30403351E-02-0.16670559E-01-0.29724934E-02-0.29687423E-02-0.15884412E-02
 0.32473333E-01 0.59477890     0.79697938     0.95048666E-01 0.19102840E-01-0.19918231E-01 0.13853907E-01 0.60128757E-03 0.40199617E-02 0.13931215E-02 0.95003490E-03 0.45714459E-03

 New coefficients C=XC':
 0.97934377E-02-0.22733863E-02 0.15497418E-02-0.25438383E-02-0.24981721E-02-0.69292694E-02-0.34100798E-02 0.16995151E-01-0.57483577E-03-0.56762698E-01 0.57370777E-01  1.5038781    
 0.52409704E-01-0.12322948E-01 0.10191680E-01-0.66673431E-02-0.32627197E-01 0.53628465E-04-0.95442443E-01-0.48867277E-01 0.35114217     0.38803140     -3.1358299     -2.5457693    
 0.17321421    -0.45210266E-01-0.21011331E-01-0.26231538     0.51152461     -1.3029252      2.2522413      5.2066558     -11.866635     -30.727358      34.167417      16.417454    
 0.35828873    -0.10797954    -0.69069458E-01-0.71661126      1.4744584     -3.7887884      6.7650282      16.988013     -27.851013     -28.582602      19.759813      8.8435954    
 0.38983094    -0.22295343     -1.7700745     -8.3495947      22.439397     -50.238057      99.577092      136.25770     -123.88152     -91.238772      57.017691      26.181378    
 0.17150168    -0.62611363E-01  6.2081846      26.778034     -79.529237      140.91683     -159.40919     -137.20217      99.026806      67.251394     -41.996204     -19.843405    
-0.24635868E-02 0.39882473E-02 0.84018201E-01 0.35680734    -0.93799362      1.9542421     -3.9532023     -8.1754968      20.999485      42.475423     -40.762950     -18.955494    
 0.87476436E-02 0.45544866E-01  1.5120554      6.4766027     -17.910902      38.822244     -81.998627     -127.13477      125.06651      95.436340     -60.041430     -27.402946    
-0.14237544E-01-0.27693398E-02 -6.2988342     -27.754935      81.901613     -134.35747      142.78598      118.67579     -84.548109     -57.263551      35.820412      16.974223    
 0.10351224E-01 0.35124071      1.1108227      7.9806277     -12.336153      10.903097     -8.1600372     -5.7873513      3.9504627      2.6756459     -1.7006834    -0.82095800    
-0.15778925E-02 0.40141032     -2.9246476     -7.2106974      5.9283437     -3.9962153      2.7178168      1.8787924     -1.2871548    -0.87954193     0.56454069     0.27484354    
-0.17287469E-03 0.39524376      2.5370710      2.8154677     -1.6189353      1.0123862    -0.67576602    -0.46787391     0.32281677     0.22195702    -0.14321308    -0.70010467E-01

 Kinetic energy:
   48.932064730440260     

 Nuclear-elctron potential energy:
  -97.914435781985389     

 ===> One-electron energy:
  -48.982371051545130     

 Coulomb energy:
   19.536978821826910     

 Exchange-correlation energy
  -6.1603324993704183     

 HF exact exchange energy:
   5.4706220846839555     

 ===> Two-electron energy:
   13.376646322456491     

 ===> Total energy:
  -34.916014314402176     

 :::::::::::::::: Step number           2 ::::::::::::::::

 Density matrix guess:
 0.20696281E-03 0.11141609E-02 0.35331616E-02 0.72946354E-02 0.31629716E-02 0.22886028E-01 0.19402541E-03 0.46508478E-02-0.19789411E-01 0.20487134E-02-0.10920925E-01 0.60631403E-02
 0.11141609E-02 0.60050050E-02 0.18842177E-01 0.38808997E-01 0.10276668E-01 0.14606349     0.13560477E-02 0.30615200E-01-0.12981553     0.15070668E-01-0.69672658E-01 0.41954776E-01
 0.35331616E-02 0.18842177E-01 0.64977212E-01 0.13678745     0.22959133    -0.19581004    -0.47447443E-02-0.64628352E-01 0.26001190    -0.74853142E-01 0.86059115E-01-0.14241251    
 0.72946354E-02 0.38808997E-01 0.13678745     0.28960197     0.57200906    -0.72117617    -0.14232832E-01-0.21244116     0.86050989    -0.22188401     0.31618877    -0.43594859    
 0.31629716E-02 0.10276668E-01 0.22959133     0.57200906      6.6696804     -21.816267    -0.30113610     -5.3663901      22.288946     -4.0810283      10.173466     -9.1579860    
 0.22886028E-01 0.14606349    -0.19581004    -0.72117617     -21.816267      77.149778      1.0418566      18.771535     -78.213188      13.751953     -36.364311      31.451657    
