
 Overlap matrix S:
  1.0000000     0.61565089     0.28282059     0.13325672     0.66607913E-01 0.34450332E-01 0.24288464     0.75634253E-01 0.31747386E-01 0.15545001E-01 0.83232225E-02 0.46382565E-02
 0.61565089      1.0000000     0.75152600     0.42543220     0.22732114     0.12067880     0.68000312     0.25602303     0.11142418     0.55121510E-01 0.29621690E-01 0.16532367E-01
 0.28282059     0.75152600      1.0000000     0.81497831     0.51741618     0.29623148     0.99077676     0.56967846     0.27509651     0.14042507     0.76326565E-01 0.42803170E-01
 0.13325672     0.42543220     0.81497831      1.0000000     0.85056276     0.57260191     0.87777667     0.89618930     0.53896819     0.29698149     0.16619737     0.94372305E-01
 0.66607913E-01 0.22732114     0.51741618     0.85056276      1.0000000     0.86679856     0.58544793     0.99447532     0.83610688     0.53615623     0.32000282     0.18702330    
 0.34450332E-01 0.12067880     0.29623148     0.57260191     0.86679856      1.0000000     0.34333108     0.81778291     0.99775435     0.81610169     0.55230088     0.34335960    
 0.24288464     0.68000312     0.99077676     0.87777667     0.58544793     0.34333108      1.0000000     0.64014337     0.31944264     0.16478447     0.89915702E-01 0.50506778E-01
 0.75634253E-01 0.25602303     0.56967846     0.89618930     0.99447532     0.81778291     0.64014337      1.0000000     0.78451399     0.48550862     0.28519285     0.16546612    
 0.31747386E-01 0.11142418     0.27509651     0.53896819     0.83610688     0.99775435     0.31944264     0.78451399      1.0000000     0.84794299     0.58627703     0.36863694    
 0.15545001E-01 0.55121510E-01 0.14042507     0.29698149     0.53615623     0.81610169     0.16478447     0.48550862     0.84794299      1.0000000     0.88090195     0.64199921    
 0.83232225E-02 0.29621690E-01 0.76326565E-01 0.16619737     0.32000282     0.55230088     0.89915702E-01 0.28519285     0.58627703     0.88090195      1.0000000     0.89465663    
 0.46382565E-02 0.16532367E-01 0.42803170E-01 0.94372305E-01 0.18702330     0.34335960     0.50506778E-01 0.16546612     0.36863694     0.64199921     0.89465663      1.0000000    

 Nuclear matrix N:
 -260.93891     -123.57049     -53.505330     -24.803101     -12.331914     -6.3654390     -45.725862     -14.011995     -5.8651566     -2.8696274     -1.5360557    -0.85589524    
 -123.57049     -111.73211     -67.169475     -35.190038     -18.291925     -9.6074098     -59.436795     -20.670924     -8.8636686     -4.3664852     -2.3429990     -1.3068539    
 -53.505330     -67.169475     -59.098150     -39.475545     -23.019231     -12.714650     -55.555867     -25.622708     -11.775568     -5.9235077     -3.2026832     -1.7920588    
 -24.803101     -35.190038     -39.475545     -34.638121     -24.546633     -15.104593     -39.233673     -26.533541     -14.115322     -7.4718075     -4.1191077     -2.3241004    
 -12.331914     -18.291925     -23.019231     -24.546633     -21.585116     -15.720004     -23.642596     -22.450434     -14.932182     -8.7451451     -5.0325676     -2.8946031    
 -6.3654390     -9.6074098     -12.714650     -15.104593     -15.720004     -13.852452     -13.269805     -15.786053     -13.458106     -9.2701859     -5.8008332     -3.4767821    
 -45.725862     -59.436795     -55.555867     -39.233673     -23.642596     -13.269805     -52.875144     -26.195629     -12.305311     -6.2335037     -3.3790350     -1.8928095    
 -14.011995     -20.670924     -25.622708     -26.533541     -22.450434     -15.786053     -26.195629     -23.523563     -14.940216     -8.5449941     -4.8654221     -2.7848744    
 -5.8651566     -8.8636686     -11.775568     -14.115322     -14.932182     -13.458106     -12.305311     -14.940216     -13.114239     -9.2529078     -5.8733157     -3.5469260    
 -2.8696274     -4.3664852     -5.9235077     -7.4718075     -8.7451451     -9.2701859     -6.2335037     -8.5449941     -9.2529078     -8.1343811     -6.0681623     -4.0435852    
 -1.5360557     -2.3429990     -3.2026832     -4.1191077     -5.0325676     -5.8008332     -3.3790350     -4.8654221     -5.8733157     -6.0681623     -5.3606786     -4.0953921    
-0.85589524     -1.3068539     -1.7920588     -2.3241004     -2.8946031     -3.4767821     -1.8928095     -2.7848744     -3.5469260     -4.0435852     -4.0953921     -3.6293543    

 Kinect energy matrix:
  1114.1055      212.54767      30.747732      5.1415057      1.0086757     0.21572634      21.345474      1.3585891     0.17822852     0.33627655E-01 0.78239566E-02 0.19989785E-02
  212.54767      204.27003      67.118238      15.239296      3.3412893     0.74634265      50.831124      4.4394393     0.61858894     0.11872796     0.27792618E-01 0.71189251E-02
  30.747732      67.118238      57.147393      23.816993      6.9605505      1.7633338      50.346248      8.9051648      1.4756185     0.29841554     0.71192651E-01 0.18381394E-01
  5.1415057      15.239296      23.816993      19.631672      9.3411702      3.0999233      24.115406      11.106375      2.6530856     0.60945707     0.15263811     0.40238329E-01
  1.0086757      3.3412893      6.9605505      9.3411702      7.6235526      3.8553161      7.6512967      8.2318251      3.4370229      1.0165915     0.28345175     0.78401661E-01
 0.21572634     0.74634265      1.7633338      3.0999233      3.8553161      3.1398000      2.0175087      3.8130730      2.9613593      1.3140351     0.45173941     0.13850113    
  21.345474      50.831124      50.346248      24.115406      7.6512967      2.0175087      45.745857      9.6768064      1.6936803     0.34856613     0.83697511E-01 0.21669339E-01
  1.3585891      4.4394393      8.9051648      11.106375      8.2318251      3.8130730      9.6768064      9.0542990      3.3684438     0.93901204     0.25495835     0.69667393E-01
 0.17822852     0.61858894      1.4756185      2.6530856      3.4370229      2.9613593      1.6936803      3.3684438      2.8140694      1.3259506     0.47240697     0.14759983    
 0.33627655E-01 0.11872796     0.29841554     0.60945707      1.0165915      1.3140351     0.34856613     0.93901204      1.3259506      1.0826739     0.57757122     0.23079515    
 0.78239566E-02 0.27792618E-01 0.71192651E-01 0.15263811     0.28345175     0.45173941     0.83697511E-01 0.25495835     0.47240697     0.57757122     0.47020602     0.26443875    
 0.19989785E-02 0.71189251E-02 0.18381394E-01 0.40238329E-01 0.78401661E-01 0.13850113     0.21669339E-01 0.69667393E-01 0.14759983     0.23079515     0.26443875     0.21552982    

 Transformation matrix X=S^(-1/2):
  1.2487662    -0.60147342     0.48626567    -0.17114464E-01 0.10685731    -0.42268994E-01-0.29632675    -0.94584526E-01 0.26786957E-01 0.30929182E-02-0.22121528E-02 0.67306570E-03
-0.60147342      2.0847811     -2.7687044    -0.79703126E-01-0.72769197     0.27152836      1.7394316     0.74714414    -0.19078471    -0.10704356E-01 0.78401640E-02-0.23054283E-02
 0.48626567     -2.7687044      27.308876      10.782283      16.810861     -6.0222210     -30.393670     -20.474079      4.9289416    -0.29826482     0.14148948    -0.43431989E-01
-0.17114464E-01-0.79703126E-01  10.782283      15.031093      24.421462     -10.917268     -17.172266     -30.983793      9.9554064    -0.95073975     0.38818898    -0.97143666E-01
 0.10685731    -0.72769197      16.810861      24.421462      140.05054     -109.88641     -24.175772     -134.15585      89.639674     -1.8809094     0.14842841     0.75235017E-02
-0.42268994E-01 0.27152836     -6.0222210     -10.917268     -109.88641      190.74386      8.7609775      92.862657     -173.73903      11.736968     -4.6533144      1.2871588    
-0.29632675      1.7394316     -30.393670     -17.172266     -24.175772      8.7609775      38.824744      30.121463     -7.4344916     0.59060571    -0.28284827     0.82839372E-01
-0.94584526E-01 0.74714414     -20.474079     -30.983793     -134.15585      92.862657      30.121463      137.63001     -77.505541      2.6619827    -0.55550024     0.86325629E-01
 0.26786957E-01-0.19078471      4.9289416      9.9554064      89.639674     -173.73903     -7.4344916     -77.505541      165.38976     -15.385804      6.3580351     -1.7478664    
 0.30929182E-02-0.10704356E-01-0.29826482    -0.95073975     -1.8809094      11.736968     0.59060571      2.6619827     -15.385804      7.2881915     -4.6109399      1.3013605    
-0.22121528E-02 0.78401640E-02 0.14148948     0.38818898     0.14842841     -4.6533144    -0.28284827    -0.55550024      6.3580351     -4.6109399      5.9273740     -2.5516617    
 0.67306570E-03-0.23054283E-02-0.43431989E-01-0.97143666E-01 0.75235017E-02  1.2871588     0.82839372E-01 0.86325629E-01 -1.7478664      1.3013605     -2.5516617      2.4653811    

 XtSX:
  1.0000000    -0.36025328E-15-0.49478616E-14-0.40832206E-14-0.13456549E-13 0.11020048E-13 0.55240033E-14 0.13377449E-13-0.11013000E-13 0.21793548E-14-0.12602766E-14 0.10575308E-14
-0.94724753E-16  1.0000000    -0.26628276E-14-0.62624060E-14-0.39518624E-13 0.90727773E-13-0.92501419E-15 0.32868944E-13-0.92293360E-13 0.11080980E-13-0.58685695E-14 0.23288663E-14
-0.90253355E-14 0.26795277E-14  1.0000000     0.65694303E-13 0.23712948E-12-0.10901679E-11-0.10796615E-12-0.18763810E-12 0.10553676E-11-0.12202912E-12 0.58866106E-13-0.16519772E-13
-0.55464531E-14-0.15796195E-13 0.22118299E-12  1.0000000     0.58546986E-12-0.17851484E-11-0.26406698E-12-0.44166450E-12 0.16831050E-11-0.16326523E-12 0.56794847E-13-0.13579415E-13
-0.25507127E-13-0.24038592E-13-0.63282279E-13-0.12048184E-11  1.0000000     0.70804335E-11 0.31118511E-12 0.75069456E-11-0.62366362E-11 0.27450264E-12-0.13432311E-12 0.27020053E-13
 0.16041882E-13 0.96813725E-13-0.92658390E-12 0.93940567E-12 0.10546665E-10  1.0000000     0.78701542E-12-0.94728626E-11 0.12156415E-10-0.84107721E-12 0.38447023E-12-0.93619557E-13
 0.77137300E-14 0.91864281E-15 0.88520228E-14 0.11882986E-12 0.35973172E-12 0.87786289E-12  1.0000000    -0.49420450E-12-0.94707228E-12 0.14215278E-12-0.71800205E-13 0.21396079E-13
 0.18074453E-13 0.34437432E-13 0.69486517E-14 0.11535824E-11 0.85521851E-11-0.99866643E-11-0.29329273E-12  1.0000000     0.89465726E-11-0.53723692E-12 0.21149749E-12-0.42577053E-13
-0.86680676E-14-0.12980835E-12 0.16116049E-11 0.19137990E-12-0.80393526E-11 0.16727980E-10-0.18821516E-11 0.60352548E-11  1.0000000     0.13978402E-11-0.75156548E-12 0.20045077E-12
 0.26314942E-14 0.95690600E-14-0.12902006E-12-0.14589024E-13 0.71324197E-12-0.15691337E-11 0.14729537E-12-0.54000554E-12 0.14622747E-11  1.0000000     0.54289906E-13-0.62172489E-14
-0.14281653E-14-0.62001185E-14 0.84886959E-13 0.60791649E-13 0.77395555E-13 0.10735857E-12-0.10685897E-12-0.12349843E-12-0.12678747E-12 0.12878587E-13  1.0000000    -0.66613381E-15
 0.10792148E-14 0.15994150E-14-0.12718993E-13-0.55511151E-16 0.65626324E-13-0.13500312E-12 0.12184698E-13-0.53804183E-13 0.12034818E-12-0.55511151E-14 0.35527137E-14  1.0000000    

 Initial Fock matrix F = Hcore:
  853.16661      88.977179     -22.757599     -19.661596     -11.323238     -6.1497127     -24.380388     -12.653406     -5.6869281     -2.8359998     -1.5282318    -0.85389626    
  88.977179      92.537917    -0.51236496E-01 -19.950742     -14.950636     -8.8610671     -8.6056712     -16.231485     -8.2450797     -4.2477573     -2.3152064     -1.2997350    
 -22.757599    -0.51236496E-01 -1.9507577     -15.658552     -16.058680     -10.951316     -5.2096193     -16.717543     -10.299950     -5.6250922     -3.1314905     -1.7736774    
 -19.661596     -19.950742     -15.658552     -15.006449     -15.205463     -12.004670     -15.118266     -15.427166     -11.462236     -6.8623504     -3.9664696     -2.2838621    
 -11.323238     -14.950636     -16.058680     -15.205463     -13.961563     -11.864688     -15.991299     -14.218609     -11.495159     -7.7285536     -4.7491158     -2.8162014    
 -6.1497127     -8.8610671     -10.951316     -12.004670     -11.864688     -10.712653     -11.252296     -11.972980     -10.496747     -7.9561508     -5.3490938     -3.3382810    
 -24.380388     -8.6056712     -5.2096193     -15.118266     -15.991299     -11.252296     -7.1292869     -16.518823     -10.611630     -5.8849376     -3.2953375     -1.8711401    
 -12.653406     -16.231485     -16.717543     -15.427166     -14.218609     -11.972980     -16.518823     -14.469264     -11.571772     -7.6059821     -4.6104638     -2.7152070    
 -5.6869281     -8.2450797     -10.299950     -11.462236     -11.495159     -10.496747     -10.611630     -11.571772     -10.300169     -7.9269572     -5.4009088     -3.3993262    
 -2.8359998     -4.2477573     -5.6250922     -6.8623504     -7.7285536     -7.9561508     -5.8849376     -7.6059821     -7.9269572     -7.0517072     -5.4905911     -3.8127901    
 -1.5282318     -2.3152064     -3.1314905     -3.9664696     -4.7491158     -5.3490938     -3.2953375     -4.6104638     -5.4009088     -5.4905911     -4.8904726     -3.8309534    
-0.85389626     -1.2997350     -1.7736774     -2.2838621     -2.8162014     -3.3382810     -1.8711401     -2.7152070     -3.3993262     -3.8127901     -3.8309534     -3.4138245    

 Transformed Fock matrix F':
  1218.7139     -452.98918      241.02198     -20.518754      50.918114     -22.214683     -170.90360     -41.590653      12.123610      1.7310308     -1.5287082     0.38263702    
 -452.98918      414.29838     -268.21693      21.884436     -40.015371      15.581440      91.857382      24.975686     -10.655067     -2.1042142      1.2792179    -0.52051081    
  241.02198     -268.21693      343.65150     -37.172583      50.858817     -22.036240     -182.96116     -48.357047      11.178181      2.6066346     -1.9738580     0.46264464    
 -20.518754      21.884436     -37.172583      46.557233      6.5638432    -0.47117965     -25.306353     -30.628794    -0.65678704     -1.9309313     0.92891875    -0.45057297    
  50.918114     -40.015371      50.858817      6.5638432      34.339332     -14.062703     -49.695844     -39.633307      6.5121510    -0.79908654    -0.30229266    -0.12618393    
 -22.214683      15.581440     -22.036240    -0.47117965     -14.062703      9.8274110      14.111476      4.0474807     -8.2609391     -3.3458376     0.41748043    -0.45820872    
 -170.90360      91.857382     -182.96116     -25.306353     -49.695844      14.111476      168.81412      39.679316     -8.3302542     -2.0102574     0.57630905    -0.21451251    
 -41.590653      24.975686     -48.357047     -30.628794     -39.633307      4.0474807      39.679316      54.857504     -10.979731      1.9822397     -1.3064669     0.11683112    
  12.123610     -10.655067      11.178181    -0.65678704      6.5121510     -8.2609391     -8.3302542     -10.979731      3.5625058     -1.5415313    -0.79285132    -0.11666471    
  1.7310308     -2.1042142      2.6066346     -1.9309313    -0.79908654     -3.3458376     -2.0102574      1.9822397     -1.5415313     -1.2116420     -1.6727487    -0.30829634    
 -1.5287082      1.2792179     -1.9738580     0.92891875    -0.30229266     0.41748043     0.57630905     -1.3064669    -0.79285132     -1.6727487     -1.7917669    -0.80406477    
 0.38263702    -0.52051081     0.46264464    -0.45057297    -0.12618393    -0.45820872    -0.21451251     0.11683112    -0.11666471    -0.30829634    -0.80406477     -1.8684260    

 Orbitals energies:
              1 -17.992656    
              2 -4.4990723    
              3 -1.9994574    
              4 -1.0083541    
              5  1.1084231    
              6  6.7321885    
              7  18.276622    
              8  40.402906    
              9  85.578932    
             10  179.33707    
             11  417.53270    
             12  1566.2808    

 Transformed coefficients C':
 0.57194585E-01-0.21591373E-01 0.11803261E-01 0.10566545E-01-0.20210731E-01-0.29855619E-01-0.46874742E-01 0.63231352E-01 0.98699875E-01-0.14975380    -0.49739178     0.84199163    
 0.17461528    -0.67025029E-01 0.36502340E-01 0.32455519E-01-0.57907505E-01-0.92510764E-01-0.12932742     0.22341407     0.40567726    -0.64903543    -0.35442206    -0.41550499    
 0.33043351    -0.13362525     0.73329890E-01 0.66784078E-01-0.11252820    -0.19306013    -0.27996291     0.20081471     0.35451973    -0.68910379E-01 0.69362386     0.28798103    
 0.46323238    -0.17670073     0.90439351E-01 0.73583119E-01-0.13332136    -0.28553893    -0.16845647    -0.46700676    -0.57404074    -0.25311203    -0.28532800E-01-0.20403601E-01
 0.41654791    -0.64025238E-01 0.11409518E-01 0.18141114E-02-0.21759893E-01 0.54640725     0.47582064     0.39483368    -0.29039954    -0.19784559     0.11995949     0.55288271E-01
 0.26642161     0.27905879    -0.23865427    -0.24204290     0.23571648     0.52953691    -0.60896364    -0.15397275     0.29466705E-01 0.44643431E-01-0.41497309E-01-0.22490563E-01
 0.36295943    -0.14896023     0.82054101E-01 0.73578537E-01-0.15305360    -0.16743758    -0.22093483     0.45849476    -0.74222855E-01 0.61014801    -0.34109565    -0.17116766    
 0.43589914    -0.97348624E-01 0.34149270E-01 0.32153786E-01 0.66736606E-01 0.83434077E-01 0.40262303    -0.51455910     0.52242314     0.27052191    -0.10907345    -0.44929844E-01
 0.24553357     0.34016640    -0.27900625    -0.23716507     0.60003534    -0.49306511     0.21680385     0.18040602    -0.74072977E-01-0.29688302E-01 0.25787920E-01 0.13009774E-01
 0.11127592     0.63968341    -0.28184852    -0.57053872E-01-0.68346292    -0.10616544     0.12533463    -0.22978330E-01 0.32370013E-01 0.43474841E-02 0.53140217E-02 0.21629707E-02
 0.53290459E-01 0.48945345     0.36836979     0.74915998     0.23236547     0.55789524E-01-0.56916647E-01 0.14378175E-03-0.17041217E-01-0.33607145E-02-0.29246593E-02-0.15856511E-02
 0.26805760E-01 0.26048211     0.79183789    -0.55061928    -0.26989931E-01-0.16796345E-01 0.14445918E-01 0.14055344E-02 0.41365912E-02 0.15051886E-02 0.92972053E-03 0.45580218E-03

 New coefficients C=XC':
 0.10434042E-01-0.37074759E-02 0.20289667E-02 0.19124502E-02-0.26655713E-02-0.65731058E-02-0.36989156E-02 0.16491709E-01-0.75208188E-04-0.55998802E-01 0.56502552E-01  1.5039392    
 0.56405697E-01-0.20679072E-01 0.11210547E-01 0.85048414E-02-0.28188533E-01-0.46815238E-02-0.91133752E-01-0.41266897E-01 0.34476004     0.37305234     -3.1362590     -2.5485425    
 0.18800728    -0.71816603E-01 0.44896672E-01 0.10391939     0.33556604     -1.1220057      2.0339604      4.9213654     -11.460037     -30.713125      34.365788      16.454715    
 0.39296332    -0.18399556     0.12033463     0.28781959     0.95963471     -3.2970001      6.0637158      16.337487     -27.940923     -28.972894      19.956700      8.8711022    
 0.36348830    -0.12177417     0.25455943      2.6110416      15.796731     -42.954530      95.341674      138.19268     -127.24738     -93.210411      57.709034      26.277418    
 0.13558434    -0.89884791     0.16624175     -7.5938080     -59.060017      135.63764     -165.41010     -144.18772      102.96675      68.957881     -42.558515     -19.924166    
 0.18699128E-02-0.54382903E-02-0.49296325E-02-0.10728837    -0.65863076      1.6467815     -3.6182850     -7.6614697      20.467057      42.592276     -41.040655     -19.002198    
 0.29699989E-01-0.13017353    -0.60548033E-01 -1.9364393     -12.680243      32.943781     -77.203758     -127.80032      128.01887      97.395402     -60.750768     -27.500992    
-0.34418205E-01  1.0990196    -0.36556196      7.6103543      62.470202     -131.55105      149.39826      125.10528     -87.996400     -58.734911      36.304649      17.044036    
-0.13549934E-04 0.76765798     -1.2208767     -3.7431360     -12.264124      12.173929     -8.9971716     -6.2088635      4.1344456      2.7501898     -1.7253340    -0.82459968    
 0.59426704E-03 0.14994091     0.80440928      5.7268561      7.2506797     -4.7926648      3.0635521      2.0302248     -1.3509266    -0.90528898     0.57310999     0.27612209    
-0.20072176E-03-0.77618528E-02 0.82370466     -3.2415835     -2.2833902      1.2552445    -0.76999991    -0.50761302     0.33946795     0.22868370    -0.14545798    -0.70346629E-01
 ******************
 Entering SCF cycle
 ******************

 :::::::::::::::: Step number           1 ::::::::::::::::

 Density matrix guess:
 0.25346262E-03 0.13759048E-02 0.46380561E-02 0.10053020E-01 0.95212390E-02 0.10168897E-01 0.59342035E-04 0.13393124E-02-0.10350845E-01-0.10646666E-01 0.21648359E-02 0.33959038E-02
 0.13759048E-02 0.74698061E-02 0.25186198E-01 0.54638490E-01 0.51749476E-01 0.56197462E-01 0.32533730E-03 0.73766797E-02-0.57532476E-01-0.59123831E-01 0.11901499E-01 0.18766732E-01
 0.46380561E-02 0.25186198E-01 0.85040150E-01 0.18499306     0.17702545     0.19501350     0.10415853E-02 0.24428060E-01-0.20362249    -0.21989288     0.50917558E-01 0.75002581E-01
 0.10053020E-01 0.54638490E-01 0.18499306     0.40550993     0.39175158     0.47733668     0.22844458E-02 0.56672666E-01-0.51945917    -0.57632948     0.13888672     0.20093894    
 0.95212390E-02 0.51749476E-01 0.17702545     0.39175158     0.42350639     0.40211637     0.17410048E-03 0.22468598E-01-0.47880011    -0.80854305     0.37345409     0.42110804    
 0.10168897E-01 0.56197462E-01 0.19501350     0.47733668     0.40211637      1.7078940     0.86444320E-02 0.22193490     -2.1065794     -1.7859406    -0.19341823E-02 0.28776723    
 0.59342035E-04 0.32533730E-03 0.10415853E-02 0.22844458E-02 0.17410048E-03 0.86444320E-02 0.11474570E-03 0.21238748E-02-0.84781209E-02 0.36874028E-02-0.95595062E-02-0.80374508E-02
 0.13393124E-02 0.73766797E-02 0.24428060E-01 0.56672666E-01 0.22468598E-01 0.22193490     0.21238748E-02 0.42986604E-01-0.24390285    -0.52014935E-01-0.13641218    -0.97738542E-01
-0.10350845E-01-0.57532476E-01-0.20362249    -0.51945917    -0.47880011     -2.1065794    -0.84781209E-02-0.24390285      2.6853285      2.5799554    -0.25858779    -0.61927723    
-0.10646666E-01-0.59123831E-01-0.21989288    -0.57632948    -0.80854305     -1.7859406     0.36874028E-02-0.52014935E-01  2.5799554      4.1596776     -1.7339625     -2.0232006    
 0.21648359E-02 0.11901499E-01 0.50917558E-01 0.13888672     0.37345409    -0.19341823E-02-0.95595062E-02-0.13641218    -0.25858779     -1.7339625      1.3391138      1.3228635    
 0.33959038E-02 0.18766732E-01 0.75002581E-01 0.20093894     0.42110804     0.28776723    -0.80374508E-02-0.97738542E-01-0.61927723     -2.0232006      1.3228635      1.3570993    

 Coulomb  matrix:
  16.055887      9.7882543      4.4837187      2.1108291      1.0547970     0.54549491      3.8496318      1.1977774     0.50269195     0.24613136     0.13178361     0.73438203E-01
  9.7882543      15.214976      11.105561      6.2100462      3.3027796      1.7501150      10.014411      3.7219424      1.6156808     0.79869025     0.42909483     0.23945891    
  4.4837187      11.105561      13.631156      10.530590      6.5140943      3.6866764      13.329131      7.1968208      3.4206181      1.7376857     0.94284664     0.52834963    
  2.1108291      6.2100462      10.530590      11.535729      9.1167144      5.9031897      11.067215      9.7096669      5.5387410      2.9975930      1.6661507     0.94335346    
  1.0547970      3.3027796      6.5140943      9.1167144      9.3981686      7.4756213      7.1391292      9.5477248      7.1548561      4.3784156      2.5636889      1.4857213    
 0.54549491      1.7501150      3.6866764      5.9031897      7.4756213      7.4842230      4.1232702      7.2774113      7.3593394      5.4655277      3.5342710      2.1503254    
  3.8496318      10.014411      13.329131      11.067215      7.1391292      4.1232702      13.246076      7.8413371      3.8318437      1.9639003      1.0690798     0.59991690    
  1.1977774      3.7219424      7.1968208      9.7096669      9.5477248      7.2774113      7.8413371      9.7874780      6.9343998      4.1238020      2.3839072      1.3734667    
 0.50269195      1.6156808      3.4206181      5.5387410      7.1548561      7.3593394      3.8318437      6.9343998      7.2623841      5.5485759      3.6483742      2.2393465    
 0.24613136     0.79869025      1.7376857      2.9975930      4.3784156      5.4655277      1.9639003      4.1238020      5.5485759      5.4790038      4.3374573      2.9784235    
 0.13178361     0.42909483     0.94284664      1.6661507      2.5636889      3.5342710      1.0690798      2.3839072      3.6483742      4.3374573      4.1528048      3.3175336    
 0.73438203E-01 0.23945891     0.52834963     0.94335346      1.4857213      2.1503254     0.59991690      1.3734667      2.2393465      2.9784235      3.3175336      3.1110808    

 Exact exchange  matrix:
  1.7312768      2.6658754      2.7407928      2.2626813      1.5680897     0.92579247      2.6800636      1.7014900     0.85757967     0.40953085     0.21074667     0.11984862    
  2.6658754      5.3656247      6.2952683      5.4835742      3.8887969      2.3226356      6.2465781      4.2064628      2.1537707      1.0358097     0.53477896     0.30426924    
  2.7407928      6.2952683      8.3774313      7.8771704      5.8276939      3.5815090      8.4706633      6.2632900      3.3318536      1.6449066     0.86149166     0.49026441    
  2.2626813      5.4835742      7.8771704      7.9534488      6.2519936      4.0900380      8.0851472      6.6447768      3.8372475      2.0425460      1.1168471     0.63560214    
  1.5680897      3.8887969      5.8276939      6.2519936      5.3557155      3.9503023      6.0441153      5.5866627      3.7698476      2.3244978      1.3773455     0.79030977    
 0.92579247      2.3226356      3.5815090      4.0900380      3.9503023      3.4662528      3.7474726      4.0086192      3.3856864      2.5090140      1.6438239     0.98038161    
  2.6800636      6.2465781      8.4706633      8.0851472      6.0441153      3.7474726      8.5939277      6.4845450      3.4901457      1.7398829     0.91630226     0.52142911    
  1.7014900      4.2064628      6.2632900      6.6447768      5.5866627      4.0086192      6.4845450      5.8523070      3.8106975      2.2747692      1.3247637     0.75783106    
 0.85757967      2.1537707      3.3318536      3.8372475      3.7698476      3.3856864      3.4901457      3.8106975      3.3167662      2.5141497      1.6697118      1.0042679    
 0.40953085      1.0358097      1.6449066      2.0425460      2.3244978      2.5090140      1.7398829      2.2747692      2.5141497      2.2826152      1.7389593      1.1760318    
 0.21074667     0.53477896     0.86149166      1.1168471      1.3773455      1.6438239     0.91630226      1.3247637      1.6697118      1.7389593      1.5420742      1.2057140    
 0.11984862     0.30426924     0.49026441     0.63560214     0.79030977     0.98038161     0.52142911     0.75783106      1.0042679      1.1760318      1.2057140      1.0650858    
 Calculated number of electrons:
   6.0025970078966973     

 Exchange-correlation potential matrix:
 -2.2805142     -2.9175251     -1.4376527    -0.68737962    -0.34509557    -0.17877301     -1.2403432    -0.39165926    -0.16476565    -0.80726310E-01-0.43232416E-01-0.24094152E-01
 -2.9175251     -4.5995706     -2.9804652     -1.6162775    -0.85137733    -0.44952801     -2.6624202    -0.96052407    -0.41489012    -0.20481293    -0.10998175    -0.61363536E-01
 -1.4376527     -2.9804652     -3.2255202     -2.3580289     -1.4209539    -0.79491771     -3.1104582     -1.5753312    -0.73689414    -0.37253372    -0.20177579    -0.11298671    
-0.68737962     -1.6162775     -2.3580289     -2.3033707     -1.6888286     -1.0514762     -2.4177319     -1.8184703    -0.98342702    -0.52285688    -0.28869027    -0.16299093    
-0.34509557    -0.85137733     -1.4209539     -1.6888286     -1.5323310     -1.1346270     -1.5080698     -1.5874157     -1.0795680    -0.63917340    -0.36962790    -0.21307633    
-0.17877301    -0.44952801    -0.79491771     -1.0514762     -1.1346270     -1.0371067    -0.85767303     -1.1321722     -1.0119984    -0.71793169    -0.45523394    -0.27447834    
 -1.2403432     -2.6624202     -3.1104582     -2.4177319     -1.5080698    -0.85767303     -3.0418536     -1.6639439    -0.79610044    -0.40535175    -0.22013045    -0.12340191    
-0.39165926    -0.96052407     -1.5753312     -1.8184703     -1.5874157     -1.1321722     -1.6639439     -1.6570498     -1.0729307    -0.61879700    -0.35361852    -0.20273787    
-0.16476565    -0.41489012    -0.73689414    -0.98342702     -1.0795680     -1.0119984    -0.79610044     -1.0729307    -0.99080001    -0.72151891    -0.46446803    -0.28226416    
-0.80726310E-01-0.20481293    -0.37253372    -0.52285688    -0.63917340    -0.71793169    -0.40535175    -0.61879700    -0.72151891    -0.66264261    -0.50408941    -0.33922469    
-0.43232416E-01-0.10998175    -0.20177579    -0.28869027    -0.36962790    -0.45523394    -0.22013045    -0.35361852    -0.46446803    -0.50408941    -0.45745475    -0.35443071    
-0.24094152E-01-0.61363536E-01-0.11298671    -0.16299093    -0.21307633    -0.27447834    -0.12340191    -0.20273787    -0.28226416    -0.33922469    -0.35443071    -0.31546018    

 Fock matrix F:
  866.94199      95.847909     -19.711532     -18.238146     -10.613537     -5.7829908     -21.771100     -11.847288     -5.3490018     -2.6705947     -1.4396806    -0.80455221    
  95.847909      103.15332      8.0738595     -15.356973     -12.499233     -7.5604801     -1.2536801     -13.470067     -7.0442890     -3.6538800     -1.9960933     -1.1216396    
 -19.711532      8.0738595      8.4548780     -7.4859908     -10.965540     -8.0595576      5.0090535     -11.096054     -7.6162258     -4.2599402     -2.3904197     -1.3583145    
 -18.238146     -15.356973     -7.4859908     -5.7740902     -7.7775768     -7.1529560     -6.4687836     -7.5359697     -6.9069223     -4.3876143     -2.5890092     -1.5034995    
 -10.613537     -12.499233     -10.965540     -7.7775768     -6.0957254     -5.5236934     -10.360240     -6.2583000     -5.4198705     -3.9893114     -2.5550548     -1.5435565    
 -5.7829908     -7.5604801     -8.0595576     -7.1529560     -5.5236934     -4.2655362     -7.9866989     -5.8277412     -4.1494061     -3.2085548     -2.2700567     -1.4624339    
 -21.771100     -1.2536801      5.0090535     -6.4687836     -10.360240     -7.9866989      3.0749357     -10.341429     -7.5758870     -4.3263890     -2.4463882     -1.3946252    
 -11.847288     -13.470067     -11.096054     -7.5359697     -6.2583000     -5.8277412     -10.341429     -6.3388353     -5.7103033     -4.1009771     -2.5801751     -1.5444782    
 -5.3490018     -7.0442890     -7.6162258     -6.9069223     -5.4198705     -4.1494061     -7.5758870     -5.7103033     -4.0285851     -3.0999002     -2.2170025     -1.4422438    
 -2.6705947     -3.6538800     -4.2599402     -4.3876143     -3.9893114     -3.2085548     -4.3263890     -4.1009771     -3.0999002     -2.2353460     -1.6572232     -1.1735913    
 -1.4396806     -1.9960933     -2.3904197     -2.5890092     -2.5550548     -2.2700567     -2.4463882     -2.5801751     -2.2170025     -1.6572232     -1.1951226    -0.86785046    
-0.80455221     -1.1216396     -1.3583145     -1.5034995     -1.5435565     -1.4624339     -1.3946252     -1.5444782     -1.4422438     -1.1735913    -0.86785046    -0.61820383    

 Transformed Fock matrix F':
  1233.7479     -454.29790      241.81285     -20.567309      51.103396     -22.297970     -171.55470     -41.733097      12.166757      1.7371734     -1.5332293     0.38425780    
 -454.29790      424.59566     -267.55708      21.960888     -39.933729      15.584713      92.069505      24.863524     -10.624833     -2.0936975      1.2838266    -0.51929218    
  241.81285     -267.55708      353.49426     -37.193999      51.264620     -22.121361     -182.41368     -48.300859      11.268889      2.6857483     -1.9979507     0.47988208    
 -20.567309      21.960888     -37.193999      54.168596      7.3916891    -0.37053826     -24.582708     -30.213438    -0.68140667     -1.8365853     0.96960244    -0.45068798    
  51.103396     -39.933729      51.264620      7.3916891      39.742422     -13.591853     -49.915126     -38.913085      7.1727376    -0.84326377    -0.20521087    -0.95729445E-01
 -22.297970      15.584713     -22.121361    -0.37053826     -13.591853      14.134361      14.338366      4.2975461     -7.2630153     -3.3086224     0.75891983    -0.44924337    
 -171.55470      92.069505     -182.41368     -24.582708     -49.915126      14.338366      177.48550      40.062540     -8.2425833     -2.0739264     0.62977066    -0.21546507    
 -41.733097      24.863524     -48.300859     -30.213438     -38.913085      4.2975461      40.062540      61.202182     -10.738920      2.2331849     -1.3567768     0.16993358    
  12.166757     -10.624833      11.268889    -0.68140667      7.1727376     -7.2630153     -8.2425833     -10.738920      7.2193772    -0.87163209    -0.80416160     0.31761191E-01
  1.7371734     -2.0936975      2.6857483     -1.8365853    -0.84326377     -3.3086224     -2.0739264      2.2331849    -0.87163209      2.1323685     -1.1375787    -0.12846548    
 -1.5332293      1.2838266     -1.9979507     0.96960244    -0.20521087     0.75891983     0.62977066     -1.3567768    -0.80416160     -1.1375787     0.62925987    -0.34753325    
 0.38425780    -0.51929218     0.47988208    -0.45068798    -0.95729445E-01-0.44924337    -0.21546507     0.16993358     0.31761191E-01-0.12846548    -0.34753325    -0.13762551E-01

 Orbitals energies:
              1 -9.1436939    
              2-0.38056083    
              3 0.28434067    
              4  1.5614173    
              5  4.7478747    
              6  11.335648    
              7  23.797990    
              8  46.948281    
              9  93.222222    
             10  188.23154    
             11  426.75023    
             12  1581.1829    

 Transformed coefficients C':
 0.51994514E-01-0.11700463E-01 0.86599608E-02-0.13879906E-01-0.22291299E-01-0.30741156E-01-0.47757892E-01 0.64166298E-01 0.99613755E-01-0.15015001    -0.49615925     0.84285826    
 0.15804875    -0.36364922E-01 0.26876122E-01-0.44565836E-01-0.64352897E-01-0.95459345E-01-0.12924102     0.22169933     0.40602171    -0.65452784    -0.35585630    -0.41471447    
 0.30000924    -0.72122307E-01 0.52401048E-01-0.91515665E-01-0.12592466    -0.19922075    -0.29918203     0.21534106     0.36275986    -0.76162813E-01 0.69462340     0.28696183    
 0.43408622    -0.10426423     0.79345203E-01-0.12045419    -0.15219774    -0.32517349    -0.25214110    -0.42450396    -0.58798771    -0.24535920    -0.29414636E-01-0.20411737E-01
 0.42739103    -0.77774379E-01 0.56695136E-01-0.56854692E-01-0.17378665     0.45191497     0.54707058     0.36835907    -0.28374581    -0.19409063     0.11926807     0.55045186E-01
 0.31123320     0.66174516E-01-0.59325012E-01 0.27752925     0.26024448     0.66317516    -0.53837024    -0.12667029     0.25897262E-01 0.43891762E-01-0.41207008E-01-0.22390993E-01
 0.33106214    -0.80399649E-01 0.60150519E-01-0.92810631E-01-0.17549291    -0.19092012    -0.22612249     0.48351017    -0.47106672E-01 0.61044970    -0.33990862    -0.17068801    
 0.43736663    -0.88981055E-01 0.54662068E-01-0.12732334    -0.21736566E-01 0.15410741E-01 0.36493705    -0.55279409     0.50841559     0.26450767    -0.10804987    -0.44696850E-01
 0.29142609     0.93406138E-01-0.12716444     0.18411984     0.81114412    -0.35160080     0.20021004     0.16806183    -0.68856668E-01-0.28438442E-01 0.25520168E-01 0.12930755E-01
 0.14837143     0.38699629    -0.38056435     0.68291003    -0.41119167    -0.18579797     0.10768225    -0.28407837E-01 0.31203633E-01 0.39057005E-02 0.53769901E-02 0.21614197E-02
 0.72374184E-01 0.59185133    -0.51690795    -0.60749678     0.48552281E-02 0.72631160E-01-0.51194798E-01 0.26792097E-02-0.16734377E-01-0.30872811E-02-0.29631410E-02-0.15855194E-02
 0.35757331E-01 0.66998474     0.74069391     0.23202440E-01 0.91898533E-02-0.19495769E-01 0.13832236E-01 0.76163890E-03 0.40564809E-02 0.14246005E-02 0.94632095E-03 0.45585439E-03

 New coefficients C=XC':
 0.94948514E-02-0.20511852E-02 0.14019897E-02-0.28244528E-02-0.28178363E-02-0.70722723E-02-0.35478559E-02 0.16894014E-01-0.60866348E-03-0.55905403E-01 0.58863885E-01  1.5038540    
 0.52421388E-01-0.11414564E-01 0.10092629E-01-0.86718087E-02-0.34682091E-01-0.27003160E-02-0.96999728E-01-0.44952016E-01 0.35313549     0.37416541     -3.1392260     -2.5433657    
 0.15552772    -0.39709636E-01-0.39236993E-01-0.26389006     0.49860492     -1.2732020      2.2323411      5.1357392     -11.763809     -30.624621      34.316395      16.400603    
 0.33424527    -0.99315321E-01-0.11572374    -0.72748292      1.4290636     -3.7238168      6.6785716      16.826893     -27.838767     -28.640066      19.879421      8.8366485    
 0.36732496    -0.27860261     -2.2825476     -8.4535062      21.918070     -49.416189      98.923858      136.19699     -124.43206     -91.618099      57.386601      26.164684    
 0.23035727     0.18674852      7.8677447      27.285735     -78.180078      139.86385     -159.64152     -137.88587      99.672728      67.579882     -42.271088     -19.832509    
 0.12121325E-01 0.32333220E-02 0.10862673     0.35222612    -0.92512920      1.9005998     -3.9260291     -8.0495488      20.855595      42.393688     -40.960535     -18.936987    
 0.23608671E-01 0.11163416      1.9018595      6.5412853     -17.512987      38.127302     -81.327447     -126.89685      125.53970      95.809201     -60.427810     -27.384872    
-0.36566699E-01-0.27522769     -8.0088603     -28.356572      80.568673     -133.48337      143.11641      119.32032     -85.111255     -57.545966      36.055004      16.965046    
 0.15478742E-01 0.28589235      1.8170162      8.0884674     -12.084648      10.926683     -8.2212527     -5.8325208      3.9792876      2.6895073     -1.7118635    -0.82056042    
-0.28330309E-02 0.30976984     -3.7321621     -6.9011986      5.8061567     -4.0270699      2.7442056      1.8951729     -1.2968986    -0.88422701     0.56827411     0.27471989    
 0.66671871E-03 0.56551092      2.7958095      2.5281107     -1.6049706      1.0223332    -0.68340014    -0.47219995     0.32534170     0.22316859    -0.14416738    -0.69980741E-01

 Kinetic energy:
   48.932064730440260     

 Nuclear-elctron potential energy:
  -97.914435781985389     

 ===> One-electron energy:
  -48.982371051545130     

 Coulomb energy:
   19.536978821826910     

 Exchange-correlation energy
  -4.9017699457356025     

 HF exact exchange energy:
   5.4706220846839555     

 ===> Two-electron energy:
   14.635208876091308     

 ===> Total energy:
  -34.347162175453825     

 :::::::::::::::: Step number           2 ::::::::::::::::

 Density matrix guess:
 0.19265028E-03 0.10705929E-02 0.30063091E-02 0.64301596E-02 0.17181065E-02 0.25669298E-01 0.52150319E-03 0.53231318E-02-0.22021984E-01 0.42159762E-02-0.11789495E-01 0.55321176E-02
 0.10705929E-02 0.59603107E-02 0.16420485E-01 0.34974571E-01-0.12021895E-02 0.17870044     0.33896781E-02 0.38316213E-01-0.15921146     0.31773101E-01-0.82703453E-01 0.43593915E-01
 0.30063091E-02 0.16420485E-01 0.54610537E-01 0.12093766     0.31550545    -0.56059084    -0.50107565E-02-0.15076879     0.63897130    -0.16047912     0.26739471    -0.26410339    
 0.64301596E-02 0.34974571E-01 0.12093766     0.26995083     0.82918216     -1.7040720    -0.17680628E-01-0.44657237      1.8838547    -0.46698339     0.80037587    -0.75896515    
 0.17181065E-02-0.12021895E-02 0.31550545     0.82918216      10.845141     -35.851829    -0.48878807     -8.7270288      36.687705     -8.4427811      16.862989     -13.077752    
 0.25669298E-01 0.17870044    -0.56059084     -1.7040720     -35.851829      123.97869      1.7160869      29.979262     -126.14298      28.705550     -58.613005      44.204954    
