
 Overlap matrix S:
  1.0000000     0.61565089     0.28282059     0.13325672     0.66607913E-01 0.34450332E-01 0.24288464     0.75634253E-01 0.31747386E-01 0.15545001E-01 0.83232225E-02 0.46382565E-02
 0.61565089      1.0000000     0.75152600     0.42543220     0.22732114     0.12067880     0.68000312     0.25602303     0.11142418     0.55121510E-01 0.29621690E-01 0.16532367E-01
 0.28282059     0.75152600      1.0000000     0.81497831     0.51741618     0.29623148     0.99077676     0.56967846     0.27509651     0.14042507     0.76326565E-01 0.42803170E-01
 0.13325672     0.42543220     0.81497831      1.0000000     0.85056276     0.57260191     0.87777667     0.89618930     0.53896819     0.29698149     0.16619737     0.94372305E-01
 0.66607913E-01 0.22732114     0.51741618     0.85056276      1.0000000     0.86679856     0.58544793     0.99447532     0.83610688     0.53615623     0.32000282     0.18702330    
 0.34450332E-01 0.12067880     0.29623148     0.57260191     0.86679856      1.0000000     0.34333108     0.81778291     0.99775435     0.81610169     0.55230088     0.34335960    
 0.24288464     0.68000312     0.99077676     0.87777667     0.58544793     0.34333108      1.0000000     0.64014337     0.31944264     0.16478447     0.89915702E-01 0.50506778E-01
 0.75634253E-01 0.25602303     0.56967846     0.89618930     0.99447532     0.81778291     0.64014337      1.0000000     0.78451399     0.48550862     0.28519285     0.16546612    
 0.31747386E-01 0.11142418     0.27509651     0.53896819     0.83610688     0.99775435     0.31944264     0.78451399      1.0000000     0.84794299     0.58627703     0.36863694    
 0.15545001E-01 0.55121510E-01 0.14042507     0.29698149     0.53615623     0.81610169     0.16478447     0.48550862     0.84794299      1.0000000     0.88090195     0.64199921    
 0.83232225E-02 0.29621690E-01 0.76326565E-01 0.16619737     0.32000282     0.55230088     0.89915702E-01 0.28519285     0.58627703     0.88090195      1.0000000     0.89465663    
 0.46382565E-02 0.16532367E-01 0.42803170E-01 0.94372305E-01 0.18702330     0.34335960     0.50506778E-01 0.16546612     0.36863694     0.64199921     0.89465663      1.0000000    

 Nuclear matrix N:
 -260.93891     -123.57049     -53.505330     -24.803101     -12.331914     -6.3654390     -45.725862     -14.011995     -5.8651566     -2.8696274     -1.5360557    -0.85589524    
 -123.57049     -111.73211     -67.169475     -35.190038     -18.291925     -9.6074098     -59.436795     -20.670924     -8.8636686     -4.3664852     -2.3429990     -1.3068539    
 -53.505330     -67.169475     -59.098150     -39.475545     -23.019231     -12.714650     -55.555867     -25.622708     -11.775568     -5.9235077     -3.2026832     -1.7920588    
 -24.803101     -35.190038     -39.475545     -34.638121     -24.546633     -15.104593     -39.233673     -26.533541     -14.115322     -7.4718075     -4.1191077     -2.3241004    
 -12.331914     -18.291925     -23.019231     -24.546633     -21.585116     -15.720004     -23.642596     -22.450434     -14.932182     -8.7451451     -5.0325676     -2.8946031    
 -6.3654390     -9.6074098     -12.714650     -15.104593     -15.720004     -13.852452     -13.269805     -15.786053     -13.458106     -9.2701859     -5.8008332     -3.4767821    
 -45.725862     -59.436795     -55.555867     -39.233673     -23.642596     -13.269805     -52.875144     -26.195629     -12.305311     -6.2335037     -3.3790350     -1.8928095    
 -14.011995     -20.670924     -25.622708     -26.533541     -22.450434     -15.786053     -26.195629     -23.523563     -14.940216     -8.5449941     -4.8654221     -2.7848744    
 -5.8651566     -8.8636686     -11.775568     -14.115322     -14.932182     -13.458106     -12.305311     -14.940216     -13.114239     -9.2529078     -5.8733157     -3.5469260    
 -2.8696274     -4.3664852     -5.9235077     -7.4718075     -8.7451451     -9.2701859     -6.2335037     -8.5449941     -9.2529078     -8.1343811     -6.0681623     -4.0435852    
 -1.5360557     -2.3429990     -3.2026832     -4.1191077     -5.0325676     -5.8008332     -3.3790350     -4.8654221     -5.8733157     -6.0681623     -5.3606786     -4.0953921    
-0.85589524     -1.3068539     -1.7920588     -2.3241004     -2.8946031     -3.4767821     -1.8928095     -2.7848744     -3.5469260     -4.0435852     -4.0953921     -3.6293543    

 Kinect energy matrix:
  1114.1055      212.54767      30.747732      5.1415057      1.0086757     0.21572634      21.345474      1.3585891     0.17822852     0.33627655E-01 0.78239566E-02 0.19989785E-02
  212.54767      204.27003      67.118238      15.239296      3.3412893     0.74634265      50.831124      4.4394393     0.61858894     0.11872796     0.27792618E-01 0.71189251E-02
  30.747732      67.118238      57.147393      23.816993      6.9605505      1.7633338      50.346248      8.9051648      1.4756185     0.29841554     0.71192651E-01 0.18381394E-01
  5.1415057      15.239296      23.816993      19.631672      9.3411702      3.0999233      24.115406      11.106375      2.6530856     0.60945707     0.15263811     0.40238329E-01
  1.0086757      3.3412893      6.9605505      9.3411702      7.6235526      3.8553161      7.6512967      8.2318251      3.4370229      1.0165915     0.28345175     0.78401661E-01
 0.21572634     0.74634265      1.7633338      3.0999233      3.8553161      3.1398000      2.0175087      3.8130730      2.9613593      1.3140351     0.45173941     0.13850113    
  21.345474      50.831124      50.346248      24.115406      7.6512967      2.0175087      45.745857      9.6768064      1.6936803     0.34856613     0.83697511E-01 0.21669339E-01
  1.3585891      4.4394393      8.9051648      11.106375      8.2318251      3.8130730      9.6768064      9.0542990      3.3684438     0.93901204     0.25495835     0.69667393E-01
 0.17822852     0.61858894      1.4756185      2.6530856      3.4370229      2.9613593      1.6936803      3.3684438      2.8140694      1.3259506     0.47240697     0.14759983    
 0.33627655E-01 0.11872796     0.29841554     0.60945707      1.0165915      1.3140351     0.34856613     0.93901204      1.3259506      1.0826739     0.57757122     0.23079515    
 0.78239566E-02 0.27792618E-01 0.71192651E-01 0.15263811     0.28345175     0.45173941     0.83697511E-01 0.25495835     0.47240697     0.57757122     0.47020602     0.26443875    
 0.19989785E-02 0.71189251E-02 0.18381394E-01 0.40238329E-01 0.78401661E-01 0.13850113     0.21669339E-01 0.69667393E-01 0.14759983     0.23079515     0.26443875     0.21552982    

 Transformation matrix X=S^(-1/2):
  1.2487662    -0.60147342     0.48626567    -0.17114464E-01 0.10685731    -0.42268994E-01-0.29632675    -0.94584526E-01 0.26786957E-01 0.30929182E-02-0.22121528E-02 0.67306570E-03
-0.60147342      2.0847811     -2.7687044    -0.79703126E-01-0.72769197     0.27152836      1.7394316     0.74714414    -0.19078471    -0.10704356E-01 0.78401640E-02-0.23054283E-02
 0.48626567     -2.7687044      27.308876      10.782283      16.810861     -6.0222210     -30.393670     -20.474079      4.9289416    -0.29826482     0.14148948    -0.43431989E-01
-0.17114464E-01-0.79703126E-01  10.782283      15.031093      24.421462     -10.917268     -17.172266     -30.983793      9.9554064    -0.95073975     0.38818898    -0.97143666E-01
 0.10685731    -0.72769197      16.810861      24.421462      140.05054     -109.88641     -24.175772     -134.15585      89.639674     -1.8809094     0.14842841     0.75235017E-02
-0.42268994E-01 0.27152836     -6.0222210     -10.917268     -109.88641      190.74386      8.7609775      92.862657     -173.73903      11.736968     -4.6533144      1.2871588    
-0.29632675      1.7394316     -30.393670     -17.172266     -24.175772      8.7609775      38.824744      30.121463     -7.4344916     0.59060571    -0.28284827     0.82839372E-01
-0.94584526E-01 0.74714414     -20.474079     -30.983793     -134.15585      92.862657      30.121463      137.63001     -77.505541      2.6619827    -0.55550024     0.86325629E-01
 0.26786957E-01-0.19078471      4.9289416      9.9554064      89.639674     -173.73903     -7.4344916     -77.505541      165.38976     -15.385804      6.3580351     -1.7478664    
 0.30929182E-02-0.10704356E-01-0.29826482    -0.95073975     -1.8809094      11.736968     0.59060571      2.6619827     -15.385804      7.2881915     -4.6109399      1.3013605    
-0.22121528E-02 0.78401640E-02 0.14148948     0.38818898     0.14842841     -4.6533144    -0.28284827    -0.55550024      6.3580351     -4.6109399      5.9273740     -2.5516617    
 0.67306570E-03-0.23054283E-02-0.43431989E-01-0.97143666E-01 0.75235017E-02  1.2871588     0.82839372E-01 0.86325629E-01 -1.7478664      1.3013605     -2.5516617      2.4653811    

 XtSX:
  1.0000000    -0.36025328E-15-0.49478616E-14-0.40832206E-14-0.13456549E-13 0.11020048E-13 0.55240033E-14 0.13377449E-13-0.11013000E-13 0.21793548E-14-0.12602766E-14 0.10575308E-14
-0.94724753E-16  1.0000000    -0.26628276E-14-0.62624060E-14-0.39518624E-13 0.90727773E-13-0.92501419E-15 0.32868944E-13-0.92293360E-13 0.11080980E-13-0.58685695E-14 0.23288663E-14
-0.90253355E-14 0.26795277E-14  1.0000000     0.65694303E-13 0.23712948E-12-0.10901679E-11-0.10796615E-12-0.18763810E-12 0.10553676E-11-0.12202912E-12 0.58866106E-13-0.16519772E-13
-0.55464531E-14-0.15796195E-13 0.22118299E-12  1.0000000     0.58546986E-12-0.17851484E-11-0.26406698E-12-0.44166450E-12 0.16831050E-11-0.16326523E-12 0.56794847E-13-0.13579415E-13
-0.25507127E-13-0.24038592E-13-0.63282279E-13-0.12048184E-11  1.0000000     0.70804335E-11 0.31118511E-12 0.75069456E-11-0.62366362E-11 0.27450264E-12-0.13432311E-12 0.27020053E-13
 0.16041882E-13 0.96813725E-13-0.92658390E-12 0.93940567E-12 0.10546665E-10  1.0000000     0.78701542E-12-0.94728626E-11 0.12156415E-10-0.84107721E-12 0.38447023E-12-0.93619557E-13
 0.77137300E-14 0.91864281E-15 0.88520228E-14 0.11882986E-12 0.35973172E-12 0.87786289E-12  1.0000000    -0.49420450E-12-0.94707228E-12 0.14215278E-12-0.71800205E-13 0.21396079E-13
 0.18074453E-13 0.34437432E-13 0.69486517E-14 0.11535824E-11 0.85521851E-11-0.99866643E-11-0.29329273E-12  1.0000000     0.89465726E-11-0.53723692E-12 0.21149749E-12-0.42577053E-13
-0.86680676E-14-0.12980835E-12 0.16116049E-11 0.19137990E-12-0.80393526E-11 0.16727980E-10-0.18821516E-11 0.60352548E-11  1.0000000     0.13978402E-11-0.75156548E-12 0.20045077E-12
 0.26314942E-14 0.95690600E-14-0.12902006E-12-0.14589024E-13 0.71324197E-12-0.15691337E-11 0.14729537E-12-0.54000554E-12 0.14622747E-11  1.0000000     0.54289906E-13-0.62172489E-14
-0.14281653E-14-0.62001185E-14 0.84886959E-13 0.60791649E-13 0.77395555E-13 0.10735857E-12-0.10685897E-12-0.12349843E-12-0.12678747E-12 0.12878587E-13  1.0000000    -0.66613381E-15
 0.10792148E-14 0.15994150E-14-0.12718993E-13-0.55511151E-16 0.65626324E-13-0.13500312E-12 0.12184698E-13-0.53804183E-13 0.12034818E-12-0.55511151E-14 0.35527137E-14  1.0000000    

 Initial Fock matrix F = Hcore:
  853.16661      88.977179     -22.757599     -19.661596     -11.323238     -6.1497127     -24.380388     -12.653406     -5.6869281     -2.8359998     -1.5282318    -0.85389626    
  88.977179      92.537917    -0.51236496E-01 -19.950742     -14.950636     -8.8610671     -8.6056712     -16.231485     -8.2450797     -4.2477573     -2.3152064     -1.2997350    
 -22.757599    -0.51236496E-01 -1.9507577     -15.658552     -16.058680     -10.951316     -5.2096193     -16.717543     -10.299950     -5.6250922     -3.1314905     -1.7736774    
 -19.661596     -19.950742     -15.658552     -15.006449     -15.205463     -12.004670     -15.118266     -15.427166     -11.462236     -6.8623504     -3.9664696     -2.2838621    
 -11.323238     -14.950636     -16.058680     -15.205463     -13.961563     -11.864688     -15.991299     -14.218609     -11.495159     -7.7285536     -4.7491158     -2.8162014    
 -6.1497127     -8.8610671     -10.951316     -12.004670     -11.864688     -10.712653     -11.252296     -11.972980     -10.496747     -7.9561508     -5.3490938     -3.3382810    
 -24.380388     -8.6056712     -5.2096193     -15.118266     -15.991299     -11.252296     -7.1292869     -16.518823     -10.611630     -5.8849376     -3.2953375     -1.8711401    
 -12.653406     -16.231485     -16.717543     -15.427166     -14.218609     -11.972980     -16.518823     -14.469264     -11.571772     -7.6059821     -4.6104638     -2.7152070    
 -5.6869281     -8.2450797     -10.299950     -11.462236     -11.495159     -10.496747     -10.611630     -11.571772     -10.300169     -7.9269572     -5.4009088     -3.3993262    
 -2.8359998     -4.2477573     -5.6250922     -6.8623504     -7.7285536     -7.9561508     -5.8849376     -7.6059821     -7.9269572     -7.0517072     -5.4905911     -3.8127901    
 -1.5282318     -2.3152064     -3.1314905     -3.9664696     -4.7491158     -5.3490938     -3.2953375     -4.6104638     -5.4009088     -5.4905911     -4.8904726     -3.8309534    
-0.85389626     -1.2997350     -1.7736774     -2.2838621     -2.8162014     -3.3382810     -1.8711401     -2.7152070     -3.3993262     -3.8127901     -3.8309534     -3.4138245    

 Transformed Fock matrix F':
  1218.7139     -452.98918      241.02198     -20.518754      50.918114     -22.214683     -170.90360     -41.590653      12.123610      1.7310308     -1.5287082     0.38263702    
 -452.98918      414.29838     -268.21693      21.884436     -40.015371      15.581440      91.857382      24.975686     -10.655067     -2.1042142      1.2792179    -0.52051081    
  241.02198     -268.21693      343.65150     -37.172583      50.858817     -22.036240     -182.96116     -48.357047      11.178181      2.6066346     -1.9738580     0.46264464    
 -20.518754      21.884436     -37.172583      46.557233      6.5638432    -0.47117965     -25.306353     -30.628794    -0.65678704     -1.9309313     0.92891875    -0.45057297    
  50.918114     -40.015371      50.858817      6.5638432      34.339332     -14.062703     -49.695844     -39.633307      6.5121510    -0.79908654    -0.30229266    -0.12618393    
 -22.214683      15.581440     -22.036240    -0.47117965     -14.062703      9.8274110      14.111476      4.0474807     -8.2609391     -3.3458376     0.41748043    -0.45820872    
 -170.90360      91.857382     -182.96116     -25.306353     -49.695844      14.111476      168.81412      39.679316     -8.3302542     -2.0102574     0.57630905    -0.21451251    
 -41.590653      24.975686     -48.357047     -30.628794     -39.633307      4.0474807      39.679316      54.857504     -10.979731      1.9822397     -1.3064669     0.11683112    
  12.123610     -10.655067      11.178181    -0.65678704      6.5121510     -8.2609391     -8.3302542     -10.979731      3.5625058     -1.5415313    -0.79285132    -0.11666471    
  1.7310308     -2.1042142      2.6066346     -1.9309313    -0.79908654     -3.3458376     -2.0102574      1.9822397     -1.5415313     -1.2116420     -1.6727487    -0.30829634    
 -1.5287082      1.2792179     -1.9738580     0.92891875    -0.30229266     0.41748043     0.57630905     -1.3064669    -0.79285132     -1.6727487     -1.7917669    -0.80406477    
 0.38263702    -0.52051081     0.46264464    -0.45057297    -0.12618393    -0.45820872    -0.21451251     0.11683112    -0.11666471    -0.30829634    -0.80406477     -1.8684260    

 Orbitals energies:
              1 -17.992656    
              2 -4.4990723    
              3 -1.9994574    
              4 -1.0083541    
              5  1.1084231    
              6  6.7321885    
              7  18.276622    
              8  40.402906    
              9  85.578932    
             10  179.33707    
             11  417.53270    
             12  1566.2808    

 Transformed coefficients C':
 0.57194585E-01-0.21591373E-01 0.11803261E-01 0.10566545E-01-0.20210731E-01-0.29855619E-01-0.46874742E-01 0.63231352E-01 0.98699875E-01-0.14975380    -0.49739178     0.84199163    
 0.17461528    -0.67025029E-01 0.36502340E-01 0.32455519E-01-0.57907505E-01-0.92510764E-01-0.12932742     0.22341407     0.40567726    -0.64903543    -0.35442206    -0.41550499    
 0.33043351    -0.13362525     0.73329890E-01 0.66784078E-01-0.11252820    -0.19306013    -0.27996291     0.20081471     0.35451973    -0.68910379E-01 0.69362386     0.28798103    
 0.46323238    -0.17670073     0.90439351E-01 0.73583119E-01-0.13332136    -0.28553893    -0.16845647    -0.46700676    -0.57404074    -0.25311203    -0.28532800E-01-0.20403601E-01
 0.41654791    -0.64025238E-01 0.11409518E-01 0.18141114E-02-0.21759893E-01 0.54640725     0.47582064     0.39483368    -0.29039954    -0.19784559     0.11995949     0.55288271E-01
 0.26642161     0.27905879    -0.23865427    -0.24204290     0.23571648     0.52953691    -0.60896364    -0.15397275     0.29466705E-01 0.44643431E-01-0.41497309E-01-0.22490563E-01
 0.36295943    -0.14896023     0.82054101E-01 0.73578537E-01-0.15305360    -0.16743758    -0.22093483     0.45849476    -0.74222855E-01 0.61014801    -0.34109565    -0.17116766    
 0.43589914    -0.97348624E-01 0.34149270E-01 0.32153786E-01 0.66736606E-01 0.83434077E-01 0.40262303    -0.51455910     0.52242314     0.27052191    -0.10907345    -0.44929844E-01
 0.24553357     0.34016640    -0.27900625    -0.23716507     0.60003534    -0.49306511     0.21680385     0.18040602    -0.74072977E-01-0.29688302E-01 0.25787920E-01 0.13009774E-01
 0.11127592     0.63968341    -0.28184852    -0.57053872E-01-0.68346292    -0.10616544     0.12533463    -0.22978330E-01 0.32370013E-01 0.43474841E-02 0.53140217E-02 0.21629707E-02
 0.53290459E-01 0.48945345     0.36836979     0.74915998     0.23236547     0.55789524E-01-0.56916647E-01 0.14378175E-03-0.17041217E-01-0.33607145E-02-0.29246593E-02-0.15856511E-02
 0.26805760E-01 0.26048211     0.79183789    -0.55061928    -0.26989931E-01-0.16796345E-01 0.14445918E-01 0.14055344E-02 0.41365912E-02 0.15051886E-02 0.92972053E-03 0.45580218E-03

 New coefficients C=XC':
 0.10434042E-01-0.37074759E-02 0.20289667E-02 0.19124502E-02-0.26655713E-02-0.65731058E-02-0.36989156E-02 0.16491709E-01-0.75208188E-04-0.55998802E-01 0.56502552E-01  1.5039392    
 0.56405697E-01-0.20679072E-01 0.11210547E-01 0.85048414E-02-0.28188533E-01-0.46815238E-02-0.91133752E-01-0.41266897E-01 0.34476004     0.37305234     -3.1362590     -2.5485425    
 0.18800728    -0.71816603E-01 0.44896672E-01 0.10391939     0.33556604     -1.1220057      2.0339604      4.9213654     -11.460037     -30.713125      34.365788      16.454715    
 0.39296332    -0.18399556     0.12033463     0.28781959     0.95963471     -3.2970001      6.0637158      16.337487     -27.940923     -28.972894      19.956700      8.8711022    
 0.36348830    -0.12177417     0.25455943      2.6110416      15.796731     -42.954530      95.341674      138.19268     -127.24738     -93.210411      57.709034      26.277418    
 0.13558434    -0.89884791     0.16624175     -7.5938080     -59.060017      135.63764     -165.41010     -144.18772      102.96675      68.957881     -42.558515     -19.924166    
 0.18699128E-02-0.54382903E-02-0.49296325E-02-0.10728837    -0.65863076      1.6467815     -3.6182850     -7.6614697      20.467057      42.592276     -41.040655     -19.002198    
 0.29699989E-01-0.13017353    -0.60548033E-01 -1.9364393     -12.680243      32.943781     -77.203758     -127.80032      128.01887      97.395402     -60.750768     -27.500992    
-0.34418205E-01  1.0990196    -0.36556196      7.6103543      62.470202     -131.55105      149.39826      125.10528     -87.996400     -58.734911      36.304649      17.044036    
-0.13549934E-04 0.76765798     -1.2208767     -3.7431360     -12.264124      12.173929     -8.9971716     -6.2088635      4.1344456      2.7501898     -1.7253340    -0.82459968    
 0.59426704E-03 0.14994091     0.80440928      5.7268561      7.2506797     -4.7926648      3.0635521      2.0302248     -1.3509266    -0.90528898     0.57310999     0.27612209    
-0.20072176E-03-0.77618528E-02 0.82370466     -3.2415835     -2.2833902      1.2552445    -0.76999991    -0.50761302     0.33946795     0.22868370    -0.14545798    -0.70346629E-01
 ******************
 Entering SCF cycle
 ******************

 :::::::::::::::: Step number           1 ::::::::::::::::

 Density matrix guess:
 0.25346262E-03 0.13759048E-02 0.46380561E-02 0.10053020E-01 0.95212390E-02 0.10168897E-01 0.59342035E-04 0.13393124E-02-0.10350845E-01-0.10646666E-01 0.21648359E-02 0.33959038E-02
 0.13759048E-02 0.74698061E-02 0.25186198E-01 0.54638490E-01 0.51749476E-01 0.56197462E-01 0.32533730E-03 0.73766797E-02-0.57532476E-01-0.59123831E-01 0.11901499E-01 0.18766732E-01
 0.46380561E-02 0.25186198E-01 0.85040150E-01 0.18499306     0.17702545     0.19501350     0.10415853E-02 0.24428060E-01-0.20362249    -0.21989288     0.50917558E-01 0.75002581E-01
 0.10053020E-01 0.54638490E-01 0.18499306     0.40550993     0.39175158     0.47733668     0.22844458E-02 0.56672666E-01-0.51945917    -0.57632948     0.13888672     0.20093894    
 0.95212390E-02 0.51749476E-01 0.17702545     0.39175158     0.42350639     0.40211637     0.17410048E-03 0.22468598E-01-0.47880011    -0.80854305     0.37345409     0.42110804    
 0.10168897E-01 0.56197462E-01 0.19501350     0.47733668     0.40211637      1.7078940     0.86444320E-02 0.22193490     -2.1065794     -1.7859406    -0.19341823E-02 0.28776723    
 0.59342035E-04 0.32533730E-03 0.10415853E-02 0.22844458E-02 0.17410048E-03 0.86444320E-02 0.11474570E-03 0.21238748E-02-0.84781209E-02 0.36874028E-02-0.95595062E-02-0.80374508E-02
 0.13393124E-02 0.73766797E-02 0.24428060E-01 0.56672666E-01 0.22468598E-01 0.22193490     0.21238748E-02 0.42986604E-01-0.24390285    -0.52014935E-01-0.13641218    -0.97738542E-01
-0.10350845E-01-0.57532476E-01-0.20362249    -0.51945917    -0.47880011     -2.1065794    -0.84781209E-02-0.24390285      2.6853285      2.5799554    -0.25858779    -0.61927723    
-0.10646666E-01-0.59123831E-01-0.21989288    -0.57632948    -0.80854305     -1.7859406     0.36874028E-02-0.52014935E-01  2.5799554      4.1596776     -1.7339625     -2.0232006    
 0.21648359E-02 0.11901499E-01 0.50917558E-01 0.13888672     0.37345409    -0.19341823E-02-0.95595062E-02-0.13641218    -0.25858779     -1.7339625      1.3391138      1.3228635    
 0.33959038E-02 0.18766732E-01 0.75002581E-01 0.20093894     0.42110804     0.28776723    -0.80374508E-02-0.97738542E-01-0.61927723     -2.0232006      1.3228635      1.3570993    

 Coulomb  matrix:
  16.055887      9.7882543      4.4837187      2.1108291      1.0547970     0.54549491      3.8496318      1.1977774     0.50269195     0.24613136     0.13178361     0.73438203E-01
  9.7882543      15.214976      11.105561      6.2100462      3.3027796      1.7501150      10.014411      3.7219424      1.6156808     0.79869025     0.42909483     0.23945891    
  4.4837187      11.105561      13.631156      10.530590      6.5140943      3.6866764      13.329131      7.1968208      3.4206181      1.7376857     0.94284664     0.52834963    
  2.1108291      6.2100462      10.530590      11.535729      9.1167144      5.9031897      11.067215      9.7096669      5.5387410      2.9975930      1.6661507     0.94335346    
  1.0547970      3.3027796      6.5140943      9.1167144      9.3981686      7.4756213      7.1391292      9.5477248      7.1548561      4.3784156      2.5636889      1.4857213    
 0.54549491      1.7501150      3.6866764      5.9031897      7.4756213      7.4842230      4.1232702      7.2774113      7.3593394      5.4655277      3.5342710      2.1503254    
  3.8496318      10.014411      13.329131      11.067215      7.1391292      4.1232702      13.246076      7.8413371      3.8318437      1.9639003      1.0690798     0.59991690    
  1.1977774      3.7219424      7.1968208      9.7096669      9.5477248      7.2774113      7.8413371      9.7874780      6.9343998      4.1238020      2.3839072      1.3734667    
 0.50269195      1.6156808      3.4206181      5.5387410      7.1548561      7.3593394      3.8318437      6.9343998      7.2623841      5.5485759      3.6483742      2.2393465    
 0.24613136     0.79869025      1.7376857      2.9975930      4.3784156      5.4655277      1.9639003      4.1238020      5.5485759      5.4790038      4.3374573      2.9784235    
 0.13178361     0.42909483     0.94284664      1.6661507      2.5636889      3.5342710      1.0690798      2.3839072      3.6483742      4.3374573      4.1528048      3.3175336    
 0.73438203E-01 0.23945891     0.52834963     0.94335346      1.4857213      2.1503254     0.59991690      1.3734667      2.2393465      2.9784235      3.3175336      3.1110808    

 Exact exchange  matrix:
  1.7312768      2.6658754      2.7407928      2.2626813      1.5680897     0.92579247      2.6800636      1.7014900     0.85757967     0.40953085     0.21074667     0.11984862    
  2.6658754      5.3656247      6.2952683      5.4835742      3.8887969      2.3226356      6.2465781      4.2064628      2.1537707      1.0358097     0.53477896     0.30426924    
  2.7407928      6.2952683      8.3774313      7.8771704      5.8276939      3.5815090      8.4706633      6.2632900      3.3318536      1.6449066     0.86149166     0.49026441    
  2.2626813      5.4835742      7.8771704      7.9534488      6.2519936      4.0900380      8.0851472      6.6447768      3.8372475      2.0425460      1.1168471     0.63560214    
  1.5680897      3.8887969      5.8276939      6.2519936      5.3557155      3.9503023      6.0441153      5.5866627      3.7698476      2.3244978      1.3773455     0.79030977    
 0.92579247      2.3226356      3.5815090      4.0900380      3.9503023      3.4662528      3.7474726      4.0086192      3.3856864      2.5090140      1.6438239     0.98038161    
  2.6800636      6.2465781      8.4706633      8.0851472      6.0441153      3.7474726      8.5939277      6.4845450      3.4901457      1.7398829     0.91630226     0.52142911    
  1.7014900      4.2064628      6.2632900      6.6447768      5.5866627      4.0086192      6.4845450      5.8523070      3.8106975      2.2747692      1.3247637     0.75783106    
 0.85757967      2.1537707      3.3318536      3.8372475      3.7698476      3.3856864      3.4901457      3.8106975      3.3167662      2.5141497      1.6697118      1.0042679    
 0.40953085      1.0358097      1.6449066      2.0425460      2.3244978      2.5090140      1.7398829      2.2747692      2.5141497      2.2826152      1.7389593      1.1760318    
 0.21074667     0.53477896     0.86149166      1.1168471      1.3773455      1.6438239     0.91630226      1.3247637      1.6697118      1.7389593      1.5420742      1.2057140    
 0.11984862     0.30426924     0.49026441     0.63560214     0.79030977     0.98038161     0.52142911     0.75783106      1.0042679      1.1760318      1.2057140      1.0650858    
 Calculated number of electrons:
   6.0025970078966973     

 Exchange-correlation potential matrix:
 -4.3283229     -5.5373435     -2.7286061     -1.3046185    -0.65497731    -0.33930388     -2.3541207    -0.74335329    -0.31271847    -0.15321524    -0.82053360E-01-0.45729718E-01
 -5.5373435     -8.7297973     -5.6568013     -3.0676288     -1.6158794    -0.85318581     -5.0531648     -1.8230355    -0.78744451    -0.38872658    -0.20874088    -0.11646549    
 -2.7286061     -5.6568013     -6.1219057     -4.4754426     -2.6969126     -1.5087214     -5.9035226     -2.9899144     -1.3985950    -0.70705380    -0.38296222    -0.21444416    
 -1.3046185     -3.0676288     -4.4754426     -4.3717035     -3.2053277     -1.9956589     -4.5887564     -3.4513823     -1.8665043    -0.99236101    -0.54792235    -0.30935013    
-0.65497731     -1.6158794     -2.6969126     -3.2053277     -2.9083017     -2.1534758     -2.8622550     -3.0128503     -2.0489760     -1.2131250    -0.70153867    -0.40441017    
-0.33930388    -0.85318581     -1.5087214     -1.9956589     -2.1534758     -1.9683861     -1.6278284     -2.1488166     -1.9207316     -1.3626050    -0.86401543    -0.52094870    
 -2.3541207     -5.0531648     -5.9035226     -4.5887564     -2.8622550     -1.6278284     -5.7733140     -3.1580976     -1.5109661    -0.76934108    -0.41779861    -0.23421179    
-0.74335329     -1.8230355     -2.9899144     -3.4513823     -3.0128503     -2.1488166     -3.1580976     -3.1450129     -2.0363787     -1.1744514    -0.67115353    -0.38478821    
-0.31271847    -0.78744451     -1.3985950     -1.8665043     -2.0489760     -1.9207316     -1.5109661     -2.0363787     -1.8804980     -1.3694134    -0.88154136    -0.53572585    
-0.15321524    -0.38872658    -0.70705380    -0.99236101     -1.2131250     -1.3626050    -0.76934108     -1.1744514     -1.3694134     -1.2576686    -0.95674112    -0.64383462    
-0.82053360E-01-0.20874088    -0.38296222    -0.54792235    -0.70153867    -0.86401543    -0.41779861    -0.67115353    -0.88154136    -0.95674112    -0.86823044    -0.67269502    
-0.45729718E-01-0.11646549    -0.21444416    -0.30935013    -0.40441017    -0.52094870    -0.23421179    -0.38478821    -0.53572585    -0.64383462    -0.67269502    -0.59873055    

 Fock matrix F:
  865.75985      94.279192     -20.662933     -18.812066     -10.955686     -5.9744197     -22.631355     -12.225830     -5.5259724     -2.7559712     -1.4843315    -0.82973643    
  94.279192      100.53484      6.0248151     -16.726864     -13.345865     -8.0411709     -3.1619558     -14.402627     -7.4892036     -3.8700882     -2.1095146     -1.1856589    
 -20.662933      6.0248151      6.0417900     -9.4691902     -12.295732     -8.8438696      2.6330368     -12.546069     -8.3447597     -4.6233101     -2.5835520     -1.4674439    
 -18.812066     -16.726864     -9.4691902     -7.7436783     -9.2742432     -8.1094787     -8.5032625     -9.1366333     -7.8030295     -4.8643464     -2.8508665     -1.6519715    
 -10.955686     -13.345865     -12.295732     -9.2742432     -7.4140852     -6.4979610     -11.754375     -7.6288548     -6.3482655     -4.5505440     -2.8837491     -1.7325765    
 -5.9744197     -8.0411709     -8.8438696     -8.1094787     -6.4979610     -5.1380007     -8.8183312     -6.8082589     -5.0011672     -3.8262037     -2.6683123     -1.7012148    
 -22.631355     -3.1619558      2.6330368     -8.5032625     -11.754375     -8.8183312     0.71256283     -11.856627     -8.3492794     -4.7155284     -2.6541445     -1.5120607    
 -12.225830     -14.402627     -12.546069     -9.1366333     -7.6288548     -6.8082589     -11.856627     -7.7720836     -6.6409938     -4.6473648     -2.8955172     -1.7250603    
 -5.5259724     -7.4892036     -8.3447597     -7.8030295     -6.3482655     -5.0011672     -8.3492794     -6.6409938     -4.8627544     -3.7197101     -2.6224045     -1.6873075    
 -2.7559712     -3.8700882     -4.6233101     -4.8643464     -4.5505440     -3.8262037     -4.7155284     -4.6473648     -3.7197101     -2.8012817     -2.0880595     -1.4642465    
 -1.4843315     -2.1095146     -2.5835520     -2.8508665     -2.8837491     -2.6683123     -2.6541445     -2.8955172     -2.6224045     -2.0880595     -1.5815999     -1.1686553    
-0.82973643     -1.1856589     -1.4674439     -1.6519715     -1.7325765     -1.7012148     -1.5120607     -1.7250603     -1.6873075     -1.4642465     -1.1686553    -0.88492728    

 Transformed Fock matrix F':
  1233.2300     -455.02895      242.00877     -20.643854      51.139294     -22.334527     -171.83912     -41.823958      12.173996      1.7376262     -1.5358752     0.38353268    
 -455.02895      422.39994     -267.50343      21.784662     -39.935820      15.526130      91.584593      24.722907     -10.629751     -2.0943924      1.2792248    -0.52175380    
  242.00877     -267.50343      351.87181     -37.411776      51.041476     -22.146118     -182.79611     -48.453953      11.206530      2.6723893     -1.9971929     0.47198200    
 -20.643854      21.784662     -37.411776      53.312526      7.1361280    -0.44938324     -25.001466     -30.477442    -0.73555496     -1.8483829     0.96128044    -0.45771170    
  51.139294     -39.935820      51.041476      7.1361280      39.283926     -13.683154     -50.046486     -39.098373      7.0707960    -0.85053728    -0.21539597    -0.10029697    
 -22.334527      15.526130     -22.146118    -0.44938324     -13.683154      13.808647      14.254160      4.2246520     -7.4213265     -3.3883321     0.70928548    -0.44883760    
 -171.83912      91.584593     -182.79611     -25.001466     -50.046486      14.254160      176.36698      39.808066     -8.2892816     -2.0710455     0.62151503    -0.22098655    
 -41.823958      24.722907     -48.453953     -30.477442     -39.098373      4.2246520      39.808066      60.665542     -10.801800      2.2045262     -1.3596203     0.16162520    
  12.173996     -10.629751      11.206530    -0.73555496      7.0707960     -7.4213265     -8.2892816     -10.801800      6.9354054    -0.99772352    -0.83184120     0.17374722E-01
  1.7376262     -2.0943924      2.6723893     -1.8483829    -0.85053728     -3.3883321     -2.0710455      2.2045262    -0.99772352      1.8657075     -1.2135070    -0.14397251    
 -1.5358752      1.2792248     -1.9971929     0.96128044    -0.21539597     0.70928548     0.62151503     -1.3596203    -0.83184120     -1.2135070     0.46159788    -0.43097552    
 0.38353268    -0.52175380     0.47198200    -0.45771170    -0.10029697    -0.44883760    -0.22098655     0.16162520     0.17374722E-01-0.14397251    -0.43097552    -0.14419204    

 Orbitals energies:
              1 -10.978739    
              2-0.75724547    
              3 0.11255420    
              4  1.2988649    
              5  4.4302241    
              6  10.938670    
              7  23.296197    
              8  46.319350    
              9  92.390799    
             10  187.17953    
             11  424.91500    
             12  1580.9127    

 Transformed coefficients C':
 0.54944969E-01-0.13833387E-01 0.85710800E-02-0.13008552E-01-0.21595897E-01-0.30406409E-01-0.47641040E-01 0.64148265E-01 0.99739454E-01-0.15068608    -0.49539414     0.84303131    
 0.16707296    -0.43022137E-01 0.26695198E-01-0.41630355E-01-0.62160374E-01-0.94433085E-01-0.12942278     0.22253534     0.40635572    -0.65316872    -0.35380813    -0.41448970    
 0.31516313    -0.84944251E-01 0.52104297E-01-0.85239471E-01-0.12065090    -0.19560262    -0.29404648     0.21085122     0.35868123    -0.71928253E-01 0.69545677     0.28679512    
 0.44749603    -0.11940078     0.75357786E-01-0.10723700    -0.14177695    -0.31204824    -0.23194537    -0.43678042    -0.58611383    -0.24792843    -0.29119881E-01-0.20388630E-01
 0.42183082    -0.77361369E-01 0.44008444E-01-0.39342237E-01-0.14204704     0.47477998     0.54039561     0.37241511    -0.28457149    -0.19480018     0.11966094     0.55034696E-01
 0.29145056     0.11306265    -0.94134134E-01 0.28799642     0.26327766     0.64574771    -0.54983955    -0.13043919     0.26260193E-01 0.43918844E-01-0.41320369E-01-0.22388775E-01
 0.34708709    -0.94793127E-01 0.59152020E-01-0.86859483E-01-0.16853257    -0.18415761    -0.22231051     0.47590994    -0.55403593E-01 0.61047348    -0.34117103    -0.17066548    
 0.43604944    -0.92175038E-01 0.47676657E-01-0.10521958     0.17549067E-02 0.34610052E-01 0.37582314    -0.54708662     0.51173415     0.26575095    -0.10853217    -0.44699405E-01
 0.27107623     0.15100350    -0.15191619     0.20506613     0.79012704    -0.37220433     0.20100314     0.16989359    -0.69595564E-01-0.28576711E-01 0.25588113E-01 0.12928999E-01
 0.13202035     0.47587902    -0.38357486     0.58603329    -0.46731903    -0.18161182     0.11125788    -0.27504070E-01 0.31475548E-01 0.40080400E-02 0.53800712E-02 0.21595403E-02
 0.63859587E-01 0.62099218    -0.34369195    -0.69546065     0.18830042E-01 0.71504825E-01-0.52196693E-01 0.22617142E-02-0.16811616E-01-0.31560752E-02-0.29602169E-02-0.15843602E-02
 0.31689121E-01 0.55257720     0.82820160     0.84107178E-01 0.84375095E-02-0.19325795E-01 0.14038288E-01 0.89252666E-03 0.40742447E-02 0.14450323E-02 0.94461067E-03 0.45532946E-03

 New coefficients C=XC':
 0.99291952E-02-0.23826168E-02 0.13994196E-02-0.26044786E-02-0.26711493E-02-0.69130671E-02-0.34940727E-02 0.16753421E-01-0.64558722E-03-0.55494042E-01 0.59455896E-01  1.5038457    
 0.55999654E-01-0.13736806E-01 0.96435155E-02-0.83309736E-02-0.33854155E-01-0.32121360E-02-0.96968097E-01-0.43082187E-01 0.35378372     0.36732052     -3.1406329     -2.5424956    
 0.15952151    -0.41631835E-01-0.20549106E-01-0.24270711     0.48719907     -1.2478157      2.2117113      5.0921561     -11.691423     -30.579698      34.392898      16.394932    
 0.35428822    -0.10857236    -0.59880406E-01-0.67446694      1.3866369     -3.6594940      6.6010564      16.704964     -27.846724     -28.691181      19.940789      8.8345742    
 0.33304168    -0.17798204     -1.5619548     -7.7868136      21.275426     -48.512364      98.340664      136.38378     -124.92199     -91.893017      57.575187      26.160233    
 0.22871376    -0.34738570      5.5816725      24.992813     -76.065046      139.33868     -160.39378     -138.73128      100.20431      67.807190     -42.411227     -19.829891    
 0.23386051E-01-0.59898352E-02 0.78895888E-01 0.32150772    -0.90459711      1.8583124     -3.8959643     -7.9680048      20.754578      42.368500     -41.062125     -18.930895    
 0.52679426E-01 0.10142400E-01  1.3311175      6.0221700     -17.004162      37.416225     -80.666367     -126.90079      125.97472      96.083735     -60.625443     -27.379953    
-0.69573605E-01 0.30635218     -5.6896877     -25.911646      78.621415     -133.27542      143.93450      120.09450     -85.572269     -57.740708      36.174566      16.962867    
 0.10245597E-01 0.31117319      1.0910963      7.6827922     -12.204722      11.073591     -8.3140678     -5.8801798      4.0021954      2.6988639     -1.7175494    -0.82047498    
-0.20703470E-02 0.51844002     -2.9095609     -7.0521613      5.9964685     -4.1069543      2.7801156      1.9115683     -1.3045089    -0.88735298     0.57017110     0.27469554    
 0.38249662E-03 0.27762371      2.5637202      2.7544783     -1.6732898      1.0456096    -0.69281065    -0.47640940     0.32728245     0.22397035    -0.14465201    -0.69975354E-01

 Kinetic energy:
   48.932064730440260     

 Nuclear-elctron potential energy:
  -97.914435781985389     

 ===> One-electron energy:
  -48.982371051545130     

 Coulomb energy:
   19.536978821826910     

 Exchange-correlation energy
  -6.1603324993704183     

 HF exact exchange energy:
   5.4706220846839555     

 ===> Two-electron energy:
   13.376646322456491     

 ===> Total energy:
  -35.433297125417020     

 :::::::::::::::: Step number           2 ::::::::::::::::

 Density matrix guess:
 0.21244831E-03 0.12045127E-02 0.33087122E-02 0.73853708E-02 0.30901373E-02 0.21819465E-01 0.71376920E-03 0.47233815E-02-0.18765981E-01 0.17744513E-02-0.10654995E-01 0.58600946E-02
 0.12045127E-02 0.68353170E-02 0.18613744E-01 0.41507995E-01 0.12064776E-01 0.14281361     0.43054514E-02 0.31294715E-01-0.12594598     0.13642457E-01-0.70592088E-01 0.41862064E-01
 0.33087122E-02 0.18613744E-01 0.55205174E-01 0.12453429     0.18526761    -0.12750262     0.47174121E-02-0.38744038E-01 0.18613101    -0.67482742E-01 0.75749998E-01-0.12835825    
 0.73853708E-02 0.41507995E-01 0.12453429     0.28178753     0.46169432    -0.43097148     0.84228303E-02-0.12429068     0.56558065    -0.19098041     0.23440786    -0.36704671    
 0.30901373E-02 0.12064776E-01 0.18526761     0.46169432      5.1645944     -17.160641    -0.22875440     -4.1268121      17.618678     -3.5124283      8.9032801     -8.1073994    
 0.21819465E-01 0.14281361    -0.12750262    -0.43097148     -17.160641      62.656110     0.89560102      14.876774     -63.760617      11.968777     -32.841576      28.426983    
