
 Overlap matrix S:
  1.0000000     0.60623557     0.24471646     0.91512744E-01
 0.60623557      1.0000000     0.69309513     0.31121188    
 0.24471646     0.69309513      1.0000000     0.72017601    
 0.91512744E-01 0.31121188     0.72017601      1.0000000    

 Nuclear matrix N:
 -50.104638     -23.311859     -8.8482586     -3.2592576    
 -23.311859     -21.139140     -11.504885     -4.7874741    
 -8.8482586     -11.504885     -10.208300     -5.8205115    
 -3.2592576     -4.7874741     -5.8205115     -5.1410363    

 Kinect energy matrix:
  41.077548      7.5257465     0.80128186     0.78327309E-01
  7.5257465      7.3117827      1.9166559     0.25414422    
 0.80128186      1.9166559      1.7051222     0.49687883    
 0.78327309E-01 0.25414422     0.49687883     0.43246402    

 Transformation matrix X=S^(-1/2):
  1.2228794    -0.51404815     0.15299914    -0.42059565E-01
-0.51404815      1.6668466    -0.78954431     0.18597735    
 0.15299914    -0.78954431      1.8699745    -0.72426584    
-0.42059565E-01 0.18597735    -0.72426584      1.3835358    

 XtSX:
  1.0000000    -0.33870476E-15-0.43021142E-15 0.39551695E-15
-0.50133508E-15  1.0000000     0.41633363E-15 0.24980018E-15
-0.46837534E-15 0.38857806E-15  1.0000000     0.44408921E-15
 0.47878368E-15  0.0000000     0.88817842E-15  1.0000000    

 Initial Fock matrix F = Hcore:
 -9.0270908     -15.786112     -8.0469767     -3.1809303    
 -15.786112     -13.827357     -9.5882289     -4.5333299    
 -8.0469767     -9.5882289     -8.5031780     -5.3236327    
 -3.1809303     -4.5333299     -5.3236327     -4.7085723    

 Transformed Fock matrix F':
  1.1830238     -16.066276     0.39937405     -1.0096626    
 -16.066276     -1.1480298     -5.5248273    -0.11387720E-01
 0.39937405     -5.5248273     -3.5723779     -1.7165558    
 -1.0096626    -0.11387720E-01 -1.7165558     -2.9215965    

 Orbitals energies:
              1 -17.265176    
              2 -4.3853752    
              3 -1.8077909    
              4  16.999362    

 Transformed coefficients C':
 0.62678349    -0.26692375     0.21028269     0.70119566    
 0.72180226    -0.11542695    -0.23854327E-01-0.68198907    
 0.28280010     0.70725395    -0.61591781     0.20114970    
 0.78536997E-01 0.64437580     0.75885270    -0.52481883E-01

 New coefficients C=XC':
 0.43540444    -0.18597347     0.14326073      1.2410360    
 0.67225963    -0.49375638     0.47956688     -1.6657965    
-0.20501976E-02 0.90614309     -1.6503546      1.0598986    
 0.11712917E-01 0.36903700      1.4827073    -0.37462292    
 ******************
 Entering SCF cycle
 ******************

 :::::::::::::::: Step number           1 ::::::::::::::::

 Density matrix guess:
 0.48937358     0.90646702    -0.81168448     0.29776499    
 0.90646702      1.8514255     -2.4804952      1.0734341    
-0.81168448     -2.4804952      7.0895396     -4.2252331    
 0.29776499      1.0734341     -4.2252331      4.6694931    

 Coulomb  matrix:
  13.123726      7.3576135      2.9086258      1.0819743    
  7.3576135      9.5468937      5.8907120      2.5451617    
  2.9086258      5.8907120      6.5377604      4.0886756    
  1.0819743      2.5451617      4.0886756      4.1845680    

 Exact exchange  matrix:
  8.3440289      5.9101805      2.4461372     0.88196329    
  5.9101805      5.3136165      3.0501328      1.3171169    
  2.4461372      3.0501328      2.8487035      1.6870085    
 0.88196329      1.3171169      1.6870085      1.5181458    
 Calculated number of electrons:
   5.9995789438610432     

 Exchange-correlation potential matrix:
 -5.5098346     -2.8458005     -1.0996512    -0.40669796    
 -2.8458005     -2.8736490     -1.6202086    -0.68343765    
 -1.0996512     -1.6202086     -1.5782357    -0.93398094    
-0.40669796    -0.68343765    -0.93398094    -0.86767685    

 Fock matrix F:
 -1.4131996     -11.274299     -6.2380021     -2.5056540    
 -11.274299     -7.1541127     -5.3177255     -2.6716058    
 -6.2380021     -5.3177255     -3.5436533     -2.1689380    
 -2.5056540     -2.6716058     -2.1689380     -1.3916811    

 Transformed Fock matrix F':
  8.7576259     -15.818913     0.45418584    -0.99159964    
 -15.818913      5.2059877     -5.0267836     0.11600068    
 0.45418584     -5.0267836     0.61748803     -1.2277576    
-0.99159964     0.11600068     -1.2277576    -0.28029871    

 Orbitals energies:
              1 -10.172733    
              2-0.62407932    
              3  1.5516956    
              4  23.545920    

 Transformed coefficients C':
 0.60236327    -0.16439813    -0.29395653     0.72368592    
 0.72434212    -0.14338167    -0.83083064E-01-0.66922896    
 0.32254937     0.37187615     0.85498844     0.16329361    
 0.91917865E-01 0.90228769    -0.41914381    -0.41791050E-01

 New coefficients C=XC':
 0.40975465    -0.10838710    -0.16832318      1.2557380    
 0.66015109    -0.28029431    -0.74038142     -1.6242111    
 0.56847006E-01 0.12995617      1.9230008     0.97473195    
 0.29362522E-02 0.95925890     -1.2022273    -0.33098674    

 Kinetic energy:
   46.975204304539631     

 Nuclear-elctron potential energy:
  -93.891889492599745     

 ===> One-electron energy:
  -46.916685188060107     

 Coulomb energy:
   20.468939508263460     

 Exchange-correlation energy
  -6.2052186259287820     

 HF exact exchange energy:
   5.4787723271842115     

 ===> Two-electron energy:
   14.263720882334677     

 ===> Total energy:
  -32.652964305725426     

 :::::::::::::::: Step number           2 ::::::::::::::::

 Density matrix guess:
 0.41595867     0.85100725    -0.62895574     0.19918914    
 0.85100725      2.1250580     -2.8453049      1.2463406    
-0.62895574     -2.8453049      7.4361048     -4.3741110    
 0.19918914      1.2463406     -4.3741110      4.7310733    

 Coulomb  matrix:
  12.867150      7.2316028      2.8605009      1.0642266    
  7.2316028      9.4352230      5.8335269      2.5219976    
  2.8605009      5.8335269      6.4982346      4.0699867    
  1.0642266      2.5219976      4.0699867      4.1743202    

 Exact exchange  matrix:
  8.0448703      5.8424793      2.4560120     0.88785202    
  5.8424793      5.3054034      3.0341060      1.3091121    
  2.4560120      3.0341060      2.8376332      1.6839367    
 0.88785202      1.3091121      1.6839367      1.5184604    
 Calculated number of electrons:
   5.9995733643204874     

 Exchange-correlation potential matrix:
 -5.4249865     -2.8150552     -1.0889636    -0.40285132    
 -2.8150552     -2.8629649     -1.6156021    -0.68172919    
 -1.0889636     -1.6156021     -1.5790722    -0.93592833    
-0.40285132    -0.68172919    -0.93592833    -0.87039288    

 Fock matrix F:
 -1.5849277     -11.369565     -6.2754394     -2.5195550    
 -11.369565     -7.2550993     -5.3703041     -2.6930615    
 -6.2754394     -5.3703041     -3.5840157     -2.1895743    
 -2.5195550     -2.6930615     -2.1895743     -1.4046450    

 Transformed Fock matrix F':
  8.5879654     -15.835650     0.44661642    -0.99239745    
 -15.835650      5.1210943     -5.0336442     0.11146157    
 0.44661642     -5.0336442     0.59386691     -1.2325551    
-0.99239745     0.11146157     -1.2325551    -0.28477548    

 Orbitals energies:
              1 -10.303201    
              2-0.63834759    
              3  1.5254351    
              4  23.434265    

 Transformed coefficients C':
 0.60417032    -0.16575479    -0.29215382     0.72259928    
 0.72405839    -0.14226092    -0.79584145E-01-0.67019971    
 0.32001109     0.37860078     0.85283536     0.16409205    
 0.91162399E-01 0.89941571    -0.42542257    -0.41909777E-01

 New coefficients C=XC':
 0.41175373    -0.10947260    -0.16798264      1.2550353    
 0.66061283    -0.28357233    -0.73494369     -1.6259231    
 0.53148143E-01 0.14351870      1.9210354     0.97691121    
 0.36006551E-02 0.95068048     -1.2087799    -0.33186412    

 Kinetic energy:
   44.561956314606064     

 Nuclear-elctron potential energy:
  -91.385889905843925     

 ===> One-electron energy:
  -46.823933591237868     

 Coulomb energy:
   20.046115371531762     

 Exchange-correlation energy
  -6.0501861580011527     

 HF exact exchange energy:
   5.3448953927203080     

 ===> Two-electron energy:
   13.995929213530609     

 ===> Total energy:
  -32.828004377707259     

 :::::::::::::::: Step number           3 ::::::::::::::::

 Density matrix guess:
 0.41948709     0.85302194    -0.63305601     0.20092629    
 0.85302194      2.1139296     -2.8348808      1.2423542    
-0.63305601     -2.8348808      7.4275985     -4.3709541    
 0.20092629      1.2423542     -4.3709541      4.7299102    

 Coulomb  matrix:
  12.878752      7.2370828      2.8625691      1.0649870    
  7.2370828      9.4393716      5.8354929      2.5227754    
  2.8625691      5.8354929      6.4994205      4.0705181    
  1.0649870      2.5227754      4.0705181      4.1745878    

 Exact exchange  matrix:
  8.0613605      5.8473840      2.4568837     0.88808662    
  5.8473840      5.3045667      3.0337303      1.3091003    
  2.4568837      3.0337303      2.8374287      1.6838605    
 0.88808662      1.3091003      1.6838605      1.5183961    
 Calculated number of electrons:
   5.9995734704554815     

 Exchange-correlation potential matrix:
 -5.4295423     -2.8166488     -1.0895034    -0.40304400    
 -2.8166488     -2.8629180     -1.6154264    -0.68164491    
 -1.0895034     -1.6154264     -1.5788163    -0.93577347    
-0.40304400    -0.68164491    -0.93577347    -0.87027656    

 Fock matrix F:
 -1.5778811     -11.365678     -6.2739110     -2.5189873    
 -11.365678     -7.2509038     -5.3681624     -2.6921994    
 -6.2739110     -5.3681624     -3.5825738     -2.1888880    
 -2.5189873     -2.6921994     -2.1888880     -1.4042611    

 Transformed Fock matrix F':
  8.5949651     -15.835042     0.44693047    -0.99237265    
 -15.835042      5.1246932     -5.0332839     0.11168129    
 0.44693047     -5.0332839     0.59450326     -1.2324193    
-0.99237265     0.11168129     -1.2324193    -0.28466905    

 Orbitals energies:
              1 -10.297834    
              2-0.63792593    
              3  1.5262830    
              4  23.438969    

 Transformed coefficients C':
 0.60409673    -0.16571601    -0.29221701     0.72264415    
 0.72406817    -0.14231597    -0.79723583E-01-0.67016088    
 0.32011874     0.37837438     0.85290274     0.16405405    
 0.91194416E-01 0.89950942    -0.42521792    -0.41905887E-01

 New coefficients C=XC':
 0.41167383    -0.10943546    -0.16798654      1.2550643    
 0.66058793    -0.28348784    -0.73515877     -1.6258508    
 0.53307266E-01 0.14307687      1.9211136     0.97681354    
 0.35719022E-02 0.95096223     -1.2085688    -0.33182588    

 Kinetic energy:
   44.675614666280644     

 Nuclear-elctron potential energy:
  -91.505751640862144     

 ===> One-electron energy:
  -46.830136974581492     

 Coulomb energy:
   20.062987457930351     

 Exchange-correlation energy
  -6.0573958196627942     

 HF exact exchange energy:
   5.3516024627225445     

 ===> Two-electron energy:
   14.005591638267557     

 ===> Total energy:
  -32.824545336313932     

 :::::::::::::::: Step number           4 ::::::::::::::::

 Density matrix guess:
 0.41934187     0.85293431    -0.63286738     0.20084951    
 0.85293431      2.1144004     -2.8353398      1.2425266    
-0.63286738     -2.8353398      7.4279801     -4.3710937    
 0.20084951      1.2425266     -4.3710937      4.7299609    

 Coulomb  matrix:
  12.878270      7.2368541      2.8624827      1.0649552    
  7.2368541      9.4391952      5.8354085      2.5227419    
  2.8624827      5.8354085      6.4993688      4.0704949    
  1.0649552      2.5227419      4.0704949      4.1745760    

 Exact exchange  matrix:
  8.0606881      5.8471888      2.4568551     0.88808108    
  5.8471888      5.3045956      3.0337400      1.3090979    
  2.4568551      3.0337400      2.8374331      1.6838622    
 0.88808108      1.3090979      1.6838622      1.5183985    
 Calculated number of electrons:
   5.9995734658272299     

 Exchange-correlation potential matrix:
 -5.4293561     -2.8165834     -1.0894812    -0.40303607    
 -2.8165834     -2.8629174     -1.6154319    -0.68164764    
 -1.0894812     -1.6154319     -1.5788260    -0.93577969    
-0.40303607    -0.68164764    -0.93577969    -0.87028150    

 Fock matrix F:
 -1.5781770     -11.365842     -6.2739752     -2.5190111    
 -11.365842     -7.2510795     -5.3682523     -2.6922356    
 -6.2739752     -5.3682523     -3.5826352     -2.1889175    
 -2.5190111     -2.6922356     -2.1889175     -1.4042777    

 Transformed Fock matrix F':
  8.5946714     -15.835068     0.44691726    -0.99237374    
 -15.835068      5.1245428     -5.0332985     0.11167225    
 0.44691726     -5.0332985     0.59447512     -1.2324253    
-0.99237374     0.11167225     -1.2324253    -0.28467374    

 Orbitals energies:
              1 -10.298059    
              2-0.63794432    
              3  1.5262465    
              4  23.438772    

 Transformed coefficients C':
 0.60409982    -0.16571772    -0.29221430     0.72264227    
 0.72406775    -0.14231370    -0.79717704E-01-0.67016251    
 0.32011423     0.37838414     0.85289980     0.16405562    
 0.91193077E-01 0.89950536    -0.42522678    -0.41906056E-01

 New coefficients C=XC':
 0.41167720    -0.10943705    -0.16798631      1.2550631    
 0.66058894    -0.28349164    -0.73514970     -1.6258538    
 0.53300610E-01 0.14309601      1.9211103     0.97681760    
 0.35731059E-02 0.95095004     -1.2085779    -0.33182748    

 Kinetic energy:
   44.670924814701117     

 Nuclear-elctron potential energy:
  -91.500800217696138     

 ===> One-electron energy:
  -46.829875402995015     

 Coulomb energy:
   20.062277986872360     

 Exchange-correlation energy
  -6.0570973893985469     

 HF exact exchange energy:
   5.3513267718178641     

 ===> Two-electron energy:
   14.005180597473814     

 ===> Total energy:
  -32.824694805521204     

 :::::::::::::::: Step number           5 ::::::::::::::::

 Density matrix guess:
 0.41934797     0.85293796    -0.63287519     0.20085271    
 0.85293796      2.1143807     -2.8353207      1.2425194    
-0.63287519     -2.8353207      7.4279643     -4.3710879    
 0.20085271      1.2425194     -4.3710879      4.7299588    

 Coulomb  matrix:
  12.878290      7.2368637      2.8624863      1.0649566    
  7.2368637      9.4392026      5.8354120      2.5227433    
  2.8624863      5.8354120      6.4993709      4.0704958    
  1.0649566      2.5227433      4.0704958      4.1745765    

 Exact exchange  matrix:
  8.0607164      5.8471970      2.4568563     0.88808134    
  5.8471970      5.3045943      3.0337395      1.3090980    
  2.4568563      3.0337395      2.8374329      1.6838621    
 0.88808134      1.3090980      1.6838621      1.5183984    
 Calculated number of electrons:
   5.9995734660201903     

 Exchange-correlation potential matrix:
 -5.4293639     -2.8165861     -1.0894821    -0.40303640    
 -2.8165861     -2.8629174     -1.6154316    -0.68164752    
 -1.0894821     -1.6154316     -1.5788256    -0.93577943    
-0.40303640    -0.68164752    -0.93577943    -0.87028129    

 Fock matrix F:
 -1.5781646     -11.365835     -6.2739725     -2.5190101    
 -11.365835     -7.2510722     -5.3682485     -2.6922341    
 -6.2739725     -5.3682485     -3.5826326     -2.1889163    
 -2.5190101     -2.6922341     -2.1889163     -1.4042770    

 Transformed Fock matrix F':
  8.5946837     -15.835067     0.44691781    -0.99237369    
 -15.835067      5.1245491     -5.0332979     0.11167263    
 0.44691781     -5.0332979     0.59447629     -1.2324251    
-0.99237369     0.11167263     -1.2324251    -0.28467354    

 Orbitals energies:
              1 -10.298050    
              2-0.63794355    
              3  1.5262481    
              4  23.438781    

 Transformed coefficients C':
 0.60409970    -0.16571765    -0.29221441     0.72264234    
 0.72406777    -0.14231380    -0.79717950E-01-0.67016244    
 0.32011442     0.37838373     0.85289993     0.16405555    
 0.91193133E-01 0.89950553    -0.42522641    -0.41906049E-01

 New coefficients C=XC':
 0.41167706    -0.10943698    -0.16798632      1.2550631    
 0.66058890    -0.28349148    -0.73515008     -1.6258537    
 0.53300889E-01 0.14309521      1.9211104     0.97681743    
 0.35730555E-02 0.95095055     -1.2085776    -0.33182741    

 Kinetic energy:
   44.671121661900870     

 Nuclear-elctron potential energy:
  -91.501007989656216     

 ===> One-electron energy:
  -46.829886327755354     

 Coulomb energy:
   20.062307691382820     

 Exchange-correlation energy
  -6.0571099095314755     

 HF exact exchange energy:
   5.3513383486704234     

 ===> Two-electron energy:
   14.005197781851344     

 ===> Total energy:
  -32.824688545904010     

 ******************
 End of  SCF cycle
 ******************
