 _______________________________________________________________
 |                                                             |
 | Program ATOM for calculation of the energy of a single atom |
 |     Developed as a part of  Dr. Hélio Duarte's DFT class    |
 |        ministered at the Chemistry Department of UFMG       |
 |                                                             |
 | By Taís Christofani                                         |
 |_____________________________________________________________|


 ******************
 INPUT INFORMATION
 ******************

 Atomic number:
           6

 Number of electron:
           6

 Number of basis functions:
          12

 Convergence criteria:
   1.0000000000000001E-005

 Maximum number of iterations:
        1000

 Cx
  0.73999999999999999     

 Mixing coefficient for hybrid functional
   0.0000000000000000     

 Gaussian functions coefficients:
   742.73704910000004     
   136.18002490000001     
   38.098263520000003     
   13.087781769999999     
   5.0823686480000001     
   2.0932000760000000     
   30.497239499999999     
   6.0361996009999999     
   1.8760463370000000     
  0.72178264700000005     
  0.31347069540000000     
  0.14368655499999999     


 ******************
 OUTPUT INFORMATION
 ******************

 * For detailed output information check .log file

 Number of SCF cycles for convergence:

           6

 Charge:
           0

 Ionization potential:
 -0.12369300264312330     

 Electron affinity:
  -1.3026251894950900     

 Chemical potential
  0.71315909606910666     

 Density:
 0.20251045E-03 0.11243348E-02 0.32620562E-02 0.69526151E-02 0.30748875E-02 0.21381388E-01 0.45059573E-03 0.46568251E-02-0.17739193E-01 0.16139679E-02-0.10449664E-01 0.55348897E-02
 0.11243348E-02 0.62499983E-02 0.17915452E-01 0.38093097E-01 0.96284190E-02 0.14386795     0.28420050E-02 0.31939761E-01-0.12415289     0.14050119E-01-0.70325747E-01 0.40944925E-01
 0.32620562E-02 0.17915452E-01 0.57721299E-01 0.12574293     0.24556758    -0.30957329    -0.16301477E-02-0.84063635E-01 0.38260118    -0.11496843     0.14155121    -0.18162832    
 0.69526151E-02 0.38093097E-01 0.12574293     0.27562164     0.62491212    -0.98711112    -0.79793835E-02-0.25998002      1.1515441    -0.32716546     0.44329554    -0.52963711    
 0.30748875E-02 0.96284190E-02 0.24556758     0.62491212      7.4768526     -24.503540    -0.33039660     -5.9642125      25.098230     -5.2855609      11.654045     -10.170953    
 0.21381388E-01 0.14386795    -0.30957329    -0.98711112     -24.503540      85.546964      1.1772704      20.702444     -86.926260      17.653357     -41.115382      34.786290    
 0.45059573E-03 0.28420050E-02-0.16301477E-02-0.79793835E-02-0.33039660      1.1772704     0.16333207E-01 0.28465934     -1.1933160     0.24235617    -0.56404999     0.47720164    
 0.46568251E-02 0.31939761E-01-0.84063635E-01-0.25998002     -5.9642125      20.702444     0.28465934      5.0149483     -21.051475      4.3140731     -9.9092083      8.4475356    
-0.17739193E-01-0.12415289     0.38260118      1.1515441      25.098230     -86.926260     -1.1933160     -21.051475      88.414788     -18.040735      41.721025     -35.438971    
 0.16139679E-02 0.14050119E-01-0.11496843    -0.32716546     -5.2855609      17.653357     0.24235617      4.3140731     -18.040735      4.0170892     -8.0925329      7.4255945    
-0.10449664E-01-0.70325747E-01 0.14155121     0.44329554      11.654045     -41.115382    -0.56404999     -9.9092083      41.721025     -8.0925329      20.214590     -16.480516    
 0.55348897E-02 0.40944925E-01-0.18162832    -0.52963711     -10.170953      34.786290     0.47720164      8.4475356     -35.438971      7.4255945     -16.480516      14.318279    

 Orbital energies:
              1                -10.366122    
              2               -0.74598042    
              3                0.12369300    
              4                 1.3026252    
              5                 4.3312539    
              6                 10.768740    
              7                 23.086186    
              8                 46.076930    
              9                 92.163207    
             10                 186.97058    
             11                 425.30084    
             12                 1579.1942    

 Total energy:
  -36.121566013820996     

 ---------------------------------------------
 CPU time:  0.29446000000000000      seconds
