
 Overlap matrix S:
  1.0000000     0.61356353     0.27530502     0.24291991     0.85141609E-01 0.37021548E-01
 0.61356353      1.0000000     0.74097667     0.68219032     0.28690486     0.13005954    
 0.27530502     0.74097667      1.0000000     0.99377577     0.63303547     0.32439906    
 0.24291991     0.68219032     0.99377577      1.0000000     0.69195169     0.36548859    
 0.85141609E-01 0.28690486     0.63303547     0.69195169      1.0000000     0.79845707    
 0.37021548E-01 0.13005954     0.32439906     0.36548859     0.79845707      1.0000000    

 Nuclear matrix N:
 -81.026833     -38.221694     -16.157615     -14.200930     -4.9013787     -2.1244250    
 -38.221694     -34.581588     -20.424224     -18.466579     -7.1970911     -3.2073119    
 -16.157615     -20.424224     -17.990373     -17.116145     -8.7979476     -4.2546488    
 -14.200930     -18.466579     -17.116145     -16.420532     -8.9190799     -4.4011558    
 -4.9013787     -7.1970911     -8.7979476     -8.9190799     -7.9156246     -5.1447889    
 -2.1244250     -3.2073119     -4.2546488     -4.4011558     -5.1447889     -4.5142038    

 Kinect energy matrix:
  107.42525      20.312108      2.7789105      2.0589063     0.17292818     0.24612154E-01
  20.312108      19.567643      6.1764836      4.9119816     0.55899588     0.85279588E-01
  2.7789105      6.1764836      5.2957681      4.7836203      1.0874786     0.20351790    
  2.0589063      4.9119816      4.7836203      4.4118739      1.1512793     0.22660705    
 0.17292818     0.55899588      1.0874786      1.1512793      1.0252246     0.40179169    
 0.24612154E-01 0.85279588E-01 0.20351790     0.22660705     0.40179169     0.33343483    

 Transformation matrix X=S^(-1/2):
  1.2416082    -0.57425497     0.40159008    -0.22993623    -0.29416593E-01 0.10840536E-01
-0.57425497      1.9487817     -2.1080897      1.1103692     0.13983365    -0.40134181E-01
 0.40159008     -2.1080897      16.854924     -15.488652      1.2296397    -0.43997142    
-0.22993623      1.1103692     -15.488652      16.627880     -2.2254180     0.69182415    
-0.29416593E-01 0.13983365      1.2296397     -2.2254180      2.3385973     -1.0293666    
 0.10840536E-01-0.40134181E-01-0.43997142     0.69182415     -1.0293666      1.6034633    

 XtSX:
  1.0000000    -0.42769065E-15-0.20781987E-14 0.89121419E-15-0.14745150E-16 0.51174343E-16
-0.53646323E-15  1.0000000     0.25569824E-14-0.55580540E-14 0.10512424E-14-0.18735014E-15
-0.16821397E-14 0.34425587E-14  1.0000000     0.47996329E-13-0.56482596E-14 0.55511151E-16
 0.21393477E-14-0.13060733E-13 0.68667294E-13  1.0000000     0.68833828E-14-0.23314684E-14
-0.21597307E-15 0.13010426E-14-0.87430063E-14 0.66613381E-14  1.0000000     0.99920072E-15
-0.13357371E-15-0.53429483E-15 0.14432899E-14-0.29976022E-14 0.66613381E-15  1.0000000    

 Initial Fock matrix F = Hcore:
  26.398417     -17.909585     -13.378705     -12.142024     -4.7284505     -2.0998128    
 -17.909585     -15.013945     -14.247741     -13.554598     -6.6380952     -3.1220323    
 -13.378705     -14.247741     -12.694604     -12.332525     -7.7104689     -4.0511309    
 -12.142024     -13.554598     -12.332525     -12.008658     -7.7678007     -4.1745488    
 -4.7284505     -6.6380952     -7.7104689     -7.7678007     -6.8904000     -4.7429972    
 -2.0998128     -3.1220323     -4.0511309     -4.1745488     -4.7429972     -4.1807690    

 Transformed Fock matrix F':
  57.624609     -43.174735      13.730053     -12.837083     -1.7630468     0.36246957    
 -43.174735      19.047240     -22.270466      4.2628984      1.4065150    -0.92438661    
  13.730053     -22.270466      15.006140     -12.901786     -3.4780450     0.17566504    
 -12.837083      4.2628984     -12.901786      2.2397024     -1.4201075    -0.55169953    
 -1.7630468      1.4065150     -3.4780450     -1.4201075     -2.9412837     -1.2724545    
 0.36246957    -0.92438661     0.17566504    -0.55169953     -1.2724545     -2.4812712    

 Orbitals energies:
              1 -17.792146    
              2 -4.4720854    
              3 -1.9849975    
              4  1.3703358    
              5  15.536384    
              6  95.837646    

 Transformed coefficients C':
 0.36919500    -0.14779621     0.81909244E-01-0.17448118    -0.46013011     0.77005118    
 0.66862534    -0.28700358     0.17305539    -0.38824497    -0.83465034E-01-0.53190259    
 0.47547232     0.55632093E-01-0.99135255E-01 0.14127184     0.80460048     0.30604523    
 0.41159936     0.21312782    -0.23386296     0.75843655    -0.35466521    -0.17163099    
 0.13569794     0.79838249    -0.35718549    -0.45602427    -0.88015325E-01-0.29751860E-01
 0.52281213E-01 0.45809632     0.87820359     0.12522096     0.19945720E-01 0.97347677E-02

 New coefficients C=XC':
 0.16731246    -0.63875945E-01 0.36310483E-01-0.96572183E-01-0.11589582      1.4248992    
 0.56255853    -0.26180607     0.15432963    -0.18087034     -2.0015104     -2.3190633    
 0.52153043     -1.0375387     0.79378867     -9.2334879      18.928931      9.2063779    
-0.12868646     0.93768871    -0.77740274      11.133581     -18.136714     -8.2888134    
 0.14841188E-01 0.95386989     -1.3189748     -2.7586373      1.5541474     0.58164763    
-0.31242368E-02 0.45599250E-01  1.6516092      1.1464429    -0.47842316    -0.17745946    
 ******************
 Entering SCF cycle
 ******************

 :::::::::::::::: Step number           1 ::::::::::::::::

 Density matrix guess:
 0.66784091E-01 0.23289989     0.36471031    -0.21930894    -0.21267767     0.11307062    
 0.23289989     0.81766431      1.3750609    -0.87572509    -0.88987358     0.48239303    
 0.36471031      1.3750609      3.9571620     -3.3141915     -4.0578481      2.5241766    
-0.21930894    -0.87572509     -3.3141915      3.0003507      3.8357956     -2.4816111    
-0.21267767    -0.88987358     -4.0578481      3.8357956      5.2995651     -4.2699629    
 0.11307062     0.48239303      2.5241766     -2.4816111     -4.2699629      5.4598038    

 Coulomb  matrix:
  14.421075      8.4091255      3.7213311      3.2804772      1.1455050     0.49770223    
  8.4091255      11.485687      7.7677745      7.0960483      2.8860583      1.2983029    
  3.7213311      7.7677745      8.5832507      8.3431936      4.7469746      2.3567941    
  3.2804772      7.0960483      8.3431936      8.1917814      4.9791869      2.5320270    
  1.1455050      2.8860583      4.7469746      4.9791869      5.3954222      3.7704983    
 0.49770223      1.2983029      2.3567941      2.5320270      3.7704983      3.6826329    

 Exact exchange  matrix:
  6.9247636      6.7535031      4.0779348      3.6746674      1.2819631     0.53989642    
  6.7535031      7.9100197      5.3660115      4.9148074      1.9676139     0.87229453    
  4.0779348      5.3660115      4.4347079      4.2204400      2.3556438      1.1820737    
  3.6746674      4.9148074      4.2204400      4.0470307      2.3982132      1.2319386    
  1.2819631      1.9676139      2.3556438      2.3982132      2.2288706      1.4869478    
 0.53989642     0.87229453      1.1820737      1.2319386      1.4869478      1.3237734    
 Calculated number of electrons:
   5.9998837633575866     

 Exchange-correlation potential matrix:
 -7.0328061     -3.8180245     -1.6642610     -1.4656189    -0.50975043    -0.22129406    
 -3.8180245     -4.3535785     -2.6832030     -2.4320102    -0.95665858    -0.42712303    
 -1.6642610     -2.6832030     -2.4707410     -2.3622863     -1.2510834    -0.61076247    
 -1.4656189     -2.4320102     -2.3622863     -2.2795430     -1.2840699    -0.64099063    
-0.50975043    -0.95665858     -1.2510834     -1.2840699     -1.2293046    -0.81929625    
-0.22129406    -0.42712303    -0.61076247    -0.64099063    -0.81929625    -0.74667796    

 Fock matrix F:
  33.786686     -13.318484     -11.321635     -10.327165     -4.0926959     -1.8234047    
 -13.318484     -7.8818368     -9.1631691     -8.8905594     -4.7086955     -2.2508524    
 -11.321635     -9.1631691     -6.5820947     -6.3516175     -4.2145778     -2.3050993    
 -10.327165     -8.8905594     -6.3516175     -6.0964197     -4.0726837     -2.2835124    
 -4.0926959     -4.7086955     -4.2145778     -4.0726837     -2.7242824     -1.7917952    
 -1.8234047     -2.2508524     -2.3050993     -2.2835124     -1.7917952     -1.2448140    

 Transformed Fock matrix F':
  64.905402     -42.951949      13.759210     -12.865189     -1.7334223     0.36290844    
 -42.951949      25.913833     -22.177909      4.8716630      1.4203361    -0.92668856    
  13.759210     -22.177909      20.568890     -12.255206     -3.5689225     0.42923488    
 -12.865189      4.8716630     -12.255206      6.4706141    -0.80541489    -0.56853028    
 -1.7334223      1.4203361     -3.5689225    -0.80541489     0.40615436    -0.82017724    
 0.36290844    -0.92668856     0.42923488    -0.56853028    -0.82017724    -0.27369351    

 Orbitals energies:
              1 -10.879022    
              2-0.76916558    
              3 0.51367876    
              4  5.4566639    
              5  21.057405    
              6  102.61164    

 Transformed coefficients C':
 0.35471959    -0.96411170E-01-0.10013396    -0.18421093    -0.47168434     0.77358407    
 0.64546243    -0.18498677    -0.20006997    -0.45923074    -0.12632089    -0.53130058    
 0.48742561    -0.20246104E-01 0.64067170E-01 0.95117888E-01 0.81174681     0.29986909    
 0.43563658     0.45793504E-01 0.11867350     0.82061282    -0.30372907    -0.16847423    
 0.16288320     0.59290104     0.73439339    -0.26834115    -0.98555153E-01-0.29726762E-01
 0.60484456E-01 0.77617407    -0.62643718     0.26714591E-01 0.25681931E-01 0.99330829E-02

 New coefficients C=XC':
 0.16120361    -0.41162535E-01-0.39388841E-01-0.10730920    -0.11410139      1.4257352    
 0.53069543    -0.15984952    -0.20784376    -0.11708557     -2.0386033     -2.3033983    
 0.42353318    -0.31171501     0.80196111     -10.554576      18.330670      9.0534789    
 0.86469497E-02 0.10932189     -1.2858692      12.319897     -17.417946     -8.1407257    
 0.28364649E-01 0.43775268      2.1519344     -2.4230838      1.4133748     0.56686291    
-0.58111076E-02 0.68122199     -1.6995715     0.86136180    -0.42468662    -0.17225192    

 Kinetic energy:
   47.379167408035741     

 Nuclear-elctron potential energy:
  -95.877625669731046     

 ===> One-electron energy:
  -48.498458261695305     

 Coulomb energy:
   19.484171811101383     

 Exchange-correlation energy
  -6.0969257895271625     

 HF exact exchange energy:
   5.4239534823634834     

 ===> Two-electron energy:
   13.387246021574221     

 ===> Total energy:
  -35.111212240121084     

 :::::::::::::::: Step number           2 ::::::::::::::::

 Density matrix guess:
 0.58464878E-01 0.20063311     0.99035479E-01 0.95085704E-01-0.19641745     0.75933107E-01
 0.20063311     0.70077708     0.21582402     0.50874748     -1.0043754     0.48253676    
 0.99035479E-01 0.21582402      1.8393765     -2.1232643      3.2026540     -3.1555971    
 0.95085704E-01 0.50874748     -2.1232643      3.3309715     -5.4380100      4.5196978    
-0.19641745     -1.0043754      3.2026540     -5.4380100      9.6465071     -6.7186486    
 0.75933107E-01 0.48253676     -3.1555971      4.5196978     -6.7186486      6.7052806    

 Coulomb  matrix:
  13.549763      7.9148045      3.5041351      3.0891042      1.0788065     0.46873440    
  7.9148045      10.861405      7.3573796      6.7219210      2.7351791      1.2305548    
  3.5041351      7.3573796      8.1510455      7.9256624      4.5191766      2.2454666    
  3.0891042      6.7219210      7.9256624      7.7848905      4.7451990      2.4156718    
  1.0788065      2.7351791      4.5191766      4.7451990      5.1964396      3.6519871    
 0.46873440      1.2305548      2.2454666      2.4156718      3.6519871      3.6015569    

 Exact exchange  matrix:
  6.3254742      6.3316595      4.0169726      3.6516478      1.3488138     0.56504813    
  6.3316595      7.6089029      5.3428866      4.9182328      2.0138538     0.88719945    
  4.0169726      5.3428866      4.3437557      4.1160708      2.2456641      1.1387955    
  3.6516478      4.9182328      4.1160708      3.9253083      2.2738074      1.1844456    
  1.3488138      2.0138538      2.2456641      2.2738074      2.1620264      1.4662657    
 0.56504813     0.88719945      1.1387955      1.1844456      1.4662657      1.3200426    
 Calculated number of electrons:
   5.9999436093197795     

 Exchange-correlation potential matrix:
 -6.8094138     -3.7070135     -1.6171307     -1.4241906    -0.49544691    -0.21509424    
 -3.7070135     -4.2703581     -2.6383220     -2.3913026    -0.94015467    -0.41965778    
 -1.6171307     -2.6383220     -2.3993885     -2.2887075     -1.2003895    -0.58523446    
 -1.4241906     -2.3913026     -2.2887075     -2.2029320     -1.2300977    -0.61390619    
-0.49544691    -0.94015467     -1.2003895     -1.2300977     -1.1999445    -0.80988325    
-0.21509424    -0.41965778    -0.58523446    -0.61390619    -0.80988325    -0.75088896    

 Fock matrix F:
  33.138767     -13.701794     -11.491701     -10.477110     -4.1450909     -1.8461727    
 -13.701794     -8.4228988     -9.5286830     -9.2239791     -4.8430708     -2.3111352    
 -11.491701     -9.5286830     -6.9429474     -6.6955700     -4.3916819     -2.3908988    
 -10.477110     -9.2239791     -6.6955700     -6.4266996     -4.2526994     -2.3727832    
 -4.1450909     -4.8430708     -4.3916819     -4.2526994     -2.8939050     -1.9008933    
 -1.8461727     -2.3111352     -2.3908988     -2.3727832     -1.9008933     -1.3301011    

 Transformed Fock matrix F':
  64.259953     -42.977578      13.741515     -12.855143     -1.7348285     0.36252867    
 -42.977578      25.425644     -22.205182      4.7745498      1.4055396    -0.92985430    
  13.741515     -22.205182      20.268012     -12.300280     -3.5613878     0.41442437    
 -12.855143      4.7745498     -12.300280      6.3187169    -0.82900394    -0.56940685    
 -1.7348285      1.4055396     -3.5613878    -0.82900394     0.27963842    -0.84729577    
 0.36252867    -0.92985430     0.41442437    -0.56940685    -0.84729577    -0.31073045    

 Orbitals energies:
              1 -11.381389    
              2-0.88327735    
              3 0.43461986    
              4  5.2863118    
              5  20.723427    
              6  102.06154    

 Transformed coefficients C':
 0.35773527    -0.10080796    -0.96220739E-01-0.18433384    -0.47053353     0.77280271    
 0.64997005    -0.19309032    -0.19214915    -0.45385904    -0.12073997    -0.53175897    
 0.48518835    -0.12822544E-01 0.69098656E-01 0.10258250     0.81152936     0.30091552    
 0.43095349     0.57322913E-01 0.12499398     0.81961541    -0.30842614    -0.16874116    
 0.15798124     0.62752951     0.70273739    -0.27723935    -0.98294988E-01-0.29753084E-01
 0.58972011E-01 0.74519143    -0.66301005     0.29643919E-01 0.25525677E-01 0.99696944E-02

 New coefficients C=XC':
 0.16266554    -0.42992439E-01-0.37976690E-01-0.10702597    -0.11489406      1.4255111    
 0.53663965    -0.16987864    -0.20120250    -0.12475213     -2.0331026     -2.3063504    
 0.44470557    -0.29363714     0.75090986     -10.436916      18.388842      9.0758549    
-0.20396594E-01 0.79566240E-01 -1.2056628      12.215517     -17.487435     -8.1616174    
 0.26670229E-01 0.53309397      2.1086643     -2.4347553      1.4250761     0.56860333    
-0.55941102E-02 0.60088480     -1.7237456     0.87102721    -0.42857035    -0.17280126    

 Kinetic energy:
   41.702718986280544     

 Nuclear-elctron potential energy:
  -89.729913933155146     

 ===> One-electron energy:
  -48.027194946874602     

 Coulomb energy:
   17.845595480448004     

 Exchange-correlation energy
  -5.6608379841126562     

 HF exact exchange energy:
   5.0435707769015181     

 ===> Two-electron energy:
   12.184757496335347     

 ===> Total energy:
  -35.842437450539251     

 :::::::::::::::: Step number           3 ::::::::::::::::

 Density matrix guess:
 0.59501311E-01 0.20447456     0.11289075     0.78097026E-01-0.19732155     0.77437358E-01
 0.20447456     0.71464662     0.27488875     0.43624029     -1.0010350     0.48348481    
 0.11289075     0.27488875      1.6957029     -1.8755564      2.8774821     -2.9466148    
 0.78097026E-01 0.43624029     -1.8755564      2.9207392     -5.0009316      4.2523604    
-0.19732155     -1.0010350      2.8774821     -5.0009316      9.4627312     -6.6292438    
 0.77437358E-01 0.48348481     -2.9466148      4.2523604     -6.6292438      6.6647853    

 Coulomb  matrix:
  13.623534      7.9553879      3.5218108      3.1046689      1.0842183     0.47108357    
  7.9553879      10.906618      7.3849834      6.7469234      2.7449850      1.2349298    
  3.5218108      7.3849834      8.1757651      7.9491534      4.5310548      2.2511633    
  3.1046689      6.7469234      7.9491534      7.8073817      4.7571066      2.4214706    
  1.0842183      2.7449850      4.5310548      4.7571066      5.2053152      3.6570333    
 0.47108357      1.2349298      2.2511633      2.4214706      3.6570333      3.6047855    

 Exact exchange  matrix:
  6.3951680      6.3834901      4.0331096      3.6639638      1.3484172     0.56478489    
  6.3834901      7.6461794      5.3484690      4.9209144      2.0113024     0.88646618    
  4.0331096      5.3484690      4.3403500      4.1126957      2.2470550      1.1400118    
  3.6639638      4.9209144      4.1126957      3.9222589      2.2758260      1.1858615    
  1.3484172      2.0113024      2.2470550      2.2758260      2.1638114      1.4667316    
 0.56478489     0.88646618      1.1400118      1.1858615      1.4667316      1.3199300    
 Calculated number of electrons:
   5.9999568115762445     

 Exchange-correlation potential matrix:
 -6.8361520     -3.7202102     -1.6227240     -1.4291066    -0.49714344    -0.21582953    
 -3.7202102     -4.2795035     -2.6421013     -2.3946035    -0.94126273    -0.42013532    
 -1.6227240     -2.6421013     -2.4013386     -2.2906103     -1.2015981    -0.58584348    
 -1.4291066     -2.3946035     -2.2906103     -2.2048344     -1.2313855    -0.61455095    
-0.49714344    -0.94126273     -1.2015981     -1.2313855     -1.2003323    -0.80975410    
-0.21582953    -0.42013532    -0.58584348    -0.61455095    -0.80975410    -0.75038559    

 Fock matrix F:
  33.185800     -13.674407     -11.479618     -10.466461     -4.1413757     -1.8445588    
 -13.674407     -8.3868307     -9.5048585     -9.2022776     -4.8343730     -2.3072378    
 -11.479618     -9.5048585     -6.9201779     -6.6739817     -4.3810122     -2.3858111    
 -10.466461     -9.2022776     -6.6739817     -6.4061108     -4.2420796     -2.3676291    
 -4.1413757     -4.8343730     -4.3810122     -4.2420796     -2.8854171     -1.8957180    
 -1.8445588     -2.3072378     -2.3858111     -2.3676291     -1.8957180     -1.3263691    

 Transformed Fock matrix F':
  64.306716     -42.974968      13.743297     -12.855734     -1.7346778     0.36258838    
 -42.974968      25.457313     -22.203809      4.7812509      1.4065326    -0.92967441    
  13.743297     -22.203809      20.286565     -12.296749     -3.5612376     0.41548797    
 -12.855734      4.7812509     -12.296749      6.3265683    -0.82780175    -0.56930166    
 -1.7346778      1.4065326     -3.5612376    -0.82780175     0.28477871    -0.84603707    
 0.36258838    -0.92967441     0.41548797    -0.56930166    -0.84603707    -0.30940014    

 Orbitals energies:
              1 -11.347812    
              2-0.87794112    
              3 0.43805586    
              4  5.2960154    
              5  20.744609    
              6  102.09961    

 Transformed coefficients C':
 0.35749046    -0.10057669    -0.96388596E-01-0.18431065    -0.47063251     0.77287047    
 0.64964556    -0.19270761    -0.19253321    -0.45425708    -0.12119469    -0.53171208    
 0.48536975    -0.13338848E-01 0.68733044E-01 0.10201467     0.81154354     0.30083904    
 0.43129455     0.56575698E-01 0.12452420     0.81970106    -0.30806324    -0.16871614    
 0.15834065     0.62586487     0.70440274    -0.27657664    -0.98278490E-01-0.29746945E-01
 0.59081908E-01 0.74676806    -0.66123103     0.29472403E-01 0.25541001E-01 0.99675343E-02

 New coefficients C=XC':
 0.16253296    -0.42894536E-01-0.38033064E-01-0.10703768    -0.11483389      1.4255317    
 0.53619000    -0.16930295    -0.20144397    -0.12414944     -2.0335572     -2.3061080    
 0.44345997    -0.29422055     0.75403115     -10.446075      18.384393      9.0741151    
-0.18563096E-01 0.80305549E-01 -1.2106747      12.223696     -17.482129     -8.1599954    
 0.26823524E-01 0.52865282      2.1112748     -2.4339741      1.4242481     0.56847473    
-0.56213553E-02 0.60482377     -1.7227578     0.87039533    -0.42830076    -0.17276123    

 Kinetic energy:
   42.201653328114382     

 Nuclear-elctron potential energy:
  -90.280036406081564     

 ===> One-electron energy:
  -48.078383077967175     

 Coulomb energy:
   17.947905578766481     

 Exchange-correlation energy
  -5.6964043862006077     

 HF exact exchange energy:
   5.0771954021235555     

 ===> Two-electron energy:
   12.251501192565872     

 ===> Total energy:
  -35.826881885401299     

 :::::::::::::::: Step number           4 ::::::::::::::::

 Density matrix guess:
 0.59406838E-01 0.20414451     0.11203840     0.79167770E-01-0.19722972     0.77328935E-01
 0.20414451     0.71348577     0.27139236     0.44066763     -1.0008471     0.48325323    
 0.11203840     0.27139236      1.7035709     -1.8894920      2.8966432     -2.9589150    
 0.79167770E-01 0.44066763     -1.8894920      2.9450537     -5.0282223      4.2687488    
-0.19722972     -1.0008471      2.8966432     -5.0282223      9.4753489     -6.6352482    
 0.77328935E-01 0.48325323     -2.9589150      4.2687488     -6.6352482      6.6674757    

 Coulomb  matrix:
  13.617721      7.9522074      3.5204275      3.1034510      1.0837949     0.47089983    
  7.9522074      10.903130      7.3828680      6.7450084      2.7442356      1.2345956    
  3.5204275      7.3828680      8.1738945      7.9473782      4.5301636      2.2507368    
  3.1034510      6.7450084      7.9473782      7.8056847      4.7562157      2.4210379    
  1.0837949      2.7442356      4.5301636      4.7562157      5.2046646      3.6566669    
 0.47089983      1.2345956      2.2507368      2.4210379      3.6566669      3.6045547    

 Exact exchange  matrix:
  6.3894718      6.3793463      4.0318073      3.6629619      1.3484432     0.56481826    
  6.3793463      7.6433436      5.3480774      4.9207377      2.0115029     0.88653243    
  4.0318073      5.3480774      4.3406182      4.1129548      2.2469279      1.1398978    
  3.6629619      4.9207377      4.1129548      3.9224878      2.2756521      1.1857318    
  1.3484432      2.0115029      2.2469279      2.2756521      2.1636737      1.4666948    
 0.56481826     0.88653243      1.1398978      1.1857318      1.4666948      1.3199416    
 Calculated number of electrons:
   5.9999557010850175     

 Exchange-correlation potential matrix:
 -6.8339502     -3.7191403     -1.6222724     -1.4287098    -0.49700665    -0.21577025    
 -3.7191403     -4.2787997     -2.6418178     -2.3943564    -0.94118040    -0.42009988    
 -1.6222724     -2.6418178     -2.4011944     -2.2904695     -1.2015096    -0.58579915    
 -1.4287098     -2.3943564     -2.2904695     -2.2046938     -1.2312920    -0.61450460    
-0.49700665    -0.94118040     -1.2015096     -1.2312920     -1.2003119    -0.80976991    
-0.21577025    -0.42009988    -0.58579915    -0.61450460    -0.80976991    -0.75042707    

 Fock matrix F:
  33.182188     -13.676518     -11.480550     -10.467282     -4.1416623     -1.8446832    
 -13.676518     -8.3896147     -9.5066904     -9.2039455     -4.8350400     -2.3075365    
 -11.480550     -9.5066904     -6.9219044     -6.6756162     -4.3818149     -2.3861933    
 -10.467282     -9.2039455     -6.6756162     -6.4076672     -4.2428770     -2.3680155    
 -4.1416623     -4.8350400     -4.3818149     -4.2428770     -2.8860473     -1.8961002    
 -1.8446832     -2.3075365     -2.3861933     -2.3680155     -1.8961002     -1.3266414    

 Transformed Fock matrix F':
  64.303131     -42.975174      13.743163     -12.855690     -1.7346897     0.36258387    
 -42.975174      25.454869     -22.203925      4.7807225      1.4064541    -0.92968920    
  13.743163     -22.203925      20.285179     -12.297008     -3.5612450     0.41540927    
 -12.855690      4.7807225     -12.297008      6.3259835    -0.82789619    -0.56931026    
 -1.7346897      1.4064541     -3.5612450    -0.82789619     0.28440090    -0.84613041    
 0.36258387    -0.92968920     0.41540927    -0.56931026    -0.84613041    -0.30949287    

 Orbitals energies:
              1 -11.350393    
              2-0.87833516    
              3 0.43780222    
              4  5.2952945    
              5  20.743002    
              6  102.09670    

 Transformed coefficients C':
 0.35750969    -0.10059390    -0.96375657E-01-0.18431192    -0.47062492     0.77286527    
 0.64967129    -0.19273610    -0.19250369    -0.45422589    -0.12115968    -0.53171563    
 0.48535525    -0.13299233E-01 0.68761256E-01 0.10205833     0.81154276     0.30084506    
 0.43126769     0.56633192E-01 0.12456051     0.81969512    -0.30809041    -0.16871798    
 0.15831248     0.62599098     0.70427698    -0.27662718    -0.98279601E-01-0.29747398E-01
 0.59073283E-01 0.74664902    -0.66136568     0.29485181E-01 0.25539900E-01 0.99677139E-02

 New coefficients C=XC':
 0.16254315    -0.42901858E-01-0.38028726E-01-0.10703665    -0.11483863      1.4255301    
 0.53622627    -0.16934585    -0.20142523    -0.12419413     -2.0335219     -2.3061267    
 0.44355410    -0.29418276     0.75379185     -10.445381      18.384728      9.0742500    
-0.18704129E-01 0.80257295E-01 -1.2102914      12.223077     -17.482530     -8.1601209    
 0.26811490E-01 0.52898756      2.1110769     -2.4340341      1.4243108     0.56848466    
-0.56192119E-02 0.60452638     -1.7228326     0.87044325    -0.42832116    -0.17276432    

 Kinetic energy:
   42.161432570784420     

 Nuclear-elctron potential energy:
  -90.236153620742556     

 ===> One-electron energy:
  -48.074721049958136     

 Coulomb energy:
   17.940056646388818     

 Exchange-correlation energy
  -5.6936219570626072     

 HF exact exchange energy:
   5.0745828585972248     

 ===> Two-electron energy:
   12.246434689326211     

 ===> Total energy:
  -35.828286360631921     

 :::::::::::::::: Step number           5 ::::::::::::::::

 Density matrix guess:
 0.59414058E-01 0.20417021     0.11210385     0.79084852E-01-0.19723618     0.77336921E-01
 0.20417021     0.71357751     0.27166259     0.44032467     -1.0008579     0.48326949    
 0.11210385     0.27166259      1.7029718     -1.8884288      2.8951718     -2.9579817    
 0.79084852E-01 0.44032467     -1.8884288      2.9431928     -5.0261292      4.2675045    
-0.19723618     -1.0008579      2.8951718     -5.0261292      9.4743848     -6.6347917    
 0.77336921E-01 0.48326949     -2.9579817      4.2675045     -6.6347917      6.6672718    

 Coulomb  matrix:
  13.618173      7.9524547      3.5205351      3.1035457      1.0838279     0.47091412    
  7.9524547      10.903401      7.3830320      6.7451568      2.7442936      1.2346215    
  3.5205351      7.3830320      8.1740389      7.9475152      4.5302323      2.2507696    
  3.1035457      6.7451568      7.9475152      7.8058156      4.7562843      2.4210712    
  1.0838279      2.7442936      4.5302323      4.7562843      5.2047145      3.6566949    
 0.47091412      1.2346215      2.2507696      2.4210712      3.6566949      3.6045723    

 Exact exchange  matrix:
  6.3899158      6.3796704      4.0319099      3.6630411      1.3484422     0.56481618    
  6.3796704      7.6435664      5.3481086      4.9207520      2.0114877     0.88652747    
  4.0319099      5.3481086      4.3405956      4.1129328      2.2469364      1.1399061    
  3.6630411      4.9207520      4.1129328      3.9224680      2.2756641      1.1857413    
  1.3484422      2.0114877      2.2469364      2.2756641      2.1636836      1.4666974    
 0.56481618     0.88652747      1.1399061      1.1857413      1.4666974      1.3199406    
 Calculated number of electrons:
   5.9999557858715216     

 Exchange-correlation potential matrix:
 -6.8341216     -3.7192238     -1.6223076     -1.4287408    -0.49701733    -0.21577488    
 -3.7192238     -4.2788548     -2.6418399     -2.3943756    -0.94118677    -0.42010262    
 -1.6223076     -2.6418399     -2.4012050     -2.2904798     -1.2015160    -0.58580238    
 -1.4287408     -2.3943756     -2.2904798     -2.2047040     -1.2312988    -0.61450797    
-0.49701733    -0.94118677     -1.2015160     -1.2312988     -1.2003132    -0.80976857    
-0.21577488    -0.42010262    -0.58580238    -0.61450797    -0.80976857    -0.75042382    

 Fock matrix F:
  33.182469     -13.676354     -11.480477     -10.467219     -4.1416400     -1.8446736    
 -13.676354     -8.3893990     -9.5065485     -9.2038163     -4.8349884     -2.3075134    
 -11.480477     -9.5065485     -6.9217706     -6.6754895     -4.3817527     -2.3861637    
 -10.467219     -9.2038163     -6.6754895     -6.4075466     -4.2428152     -2.3679856    
 -4.1416400     -4.8349884     -4.3817527     -4.2428152     -2.8859988     -1.8960708    
 -1.8446736     -2.3075134     -2.3861637     -2.3679856     -1.8960708     -1.3266205    

 Transformed Fock matrix F':
  64.303410     -42.975158      13.743174     -12.855693     -1.7346887     0.36258423    
 -42.975158      25.455058     -22.203916      4.7807634      1.4064601    -0.92968807    
  13.743174     -22.203916      20.285287     -12.296987     -3.5612443     0.41541541    
 -12.855693      4.7807634     -12.296987      6.3260286    -0.82788893    -0.56930958    
 -1.7346887      1.4064601     -3.5612443    -0.82788893     0.28442977    -0.84612324    
 0.36258423    -0.92968807     0.41541541    -0.56930958    -0.84612324    -0.30948579    

 Orbitals energies:
              1 -11.350193    
              2-0.87830490    
              3 0.43782170    
              4  5.2953503    
              5  20.743127    
              6  102.09693    

 Transformed coefficients C':
 0.35750820    -0.10059257    -0.96376644E-01-0.18431182    -0.47062551     0.77286567    
 0.64966930    -0.19273391    -0.19250596    -0.45422831    -0.12116241    -0.53171535    
 0.48535637    -0.13302306E-01 0.68759063E-01 0.10205493     0.81154282     0.30084460    
 0.43126977     0.56628738E-01 0.12455768     0.81969559    -0.30808829    -0.16871783    
 0.15831467     0.62598128     0.70428667    -0.27662324    -0.98279508E-01-0.29747362E-01
 0.59073952E-01 0.74665819    -0.66135532     0.29484194E-01 0.25539987E-01 0.99677001E-02

 New coefficients C=XC':
 0.16254235    -0.42901291E-01-0.38029056E-01-0.10703673    -0.11483826      1.4255302    
 0.53622347    -0.16934253    -0.20142664    -0.12419064     -2.0335247     -2.3061253    
 0.44354678    -0.29418563     0.75381038     -10.445435      18.384702      9.0742395    
-0.18693183E-01 0.80260895E-01 -1.2103211      12.223125     -17.482499     -8.1601112    
 0.26812426E-01 0.52896185      2.1110922     -2.4340295      1.4243059     0.56848388    
-0.56193792E-02 0.60454925     -1.7228269     0.87043954    -0.42831957    -0.17276408    

 Kinetic energy:
   42.164561468137869     

 Nuclear-elctron potential energy:
  -90.239565490017725     

 ===> One-electron energy:
  -48.075004021879849     

 Coulomb energy:
   17.940664509097644     

 Exchange-correlation energy
  -5.6938386043575617     

 HF exact exchange energy:
   5.0747868035170391     

 ===> Two-electron energy:
   12.246825904740081     

 ===> Total energy:
  -35.828178117139764     

 :::::::::::::::: Step number           6 ::::::::::::::::

 Density matrix guess:
 0.59413493E-01 0.20416821     0.11209877     0.79091278E-01-0.19723567     0.77336297E-01
 0.20416821     0.71357039     0.27164167     0.44035123     -1.0008570     0.48326819    
 0.11209877     0.27164167      1.7030180     -1.8885110      2.8952856     -2.9580539    
 0.79091278E-01 0.44035123     -1.8885110      2.9433369     -5.0262914      4.2676009    
-0.19723567     -1.0008570      2.8952856     -5.0262914      9.4744597     -6.6348271    
 0.77336297E-01 0.48326819     -2.9580539      4.2676009     -6.6348271      6.6672876    

 Coulomb  matrix:
  13.618138      7.9524355      3.5205267      3.1035383      1.0838253     0.47091301    
  7.9524355      10.903380      7.3830193      6.7451453      2.7442891      1.2346195    
  3.5205267      7.3830193      8.1740277      7.9475045      4.5302269      2.2507671    
  3.1035383      6.7451453      7.9475045      7.8058054      4.7562789      2.4210686    
  1.0838253      2.7442891      4.5302269      4.7562789      5.2047106      3.6566928    
 0.47091301      1.2346195      2.2507671      2.4210686      3.6566928      3.6045709    

 Exact exchange  matrix:
  6.3898813      6.3796452      4.0319019      3.6630349      1.3484423     0.56481634    
  6.3796452      7.6435491      5.3481061      4.9207509      2.0114889     0.88652786    
  4.0319019      5.3481061      4.3405974      4.1129345      2.2469357      1.1399054    
  3.6630349      4.9207509      4.1129345      3.9224695      2.2756632      1.1857405    
  1.3484423      2.0114889      2.2469357      2.2756632      2.1636828      1.4666972    
 0.56481634     0.88652786      1.1399054      1.1857405      1.4666972      1.3199407    
 Calculated number of electrons:
   5.9999557792484213     

 Exchange-correlation potential matrix:
 -6.8341083     -3.7192173     -1.6223049     -1.4287384    -0.49701650    -0.21577452    
 -3.7192173     -4.2788506     -2.6418382     -2.3943741    -0.94118628    -0.42010241    
 -1.6223049     -2.6418382     -2.4012041     -2.2904790     -1.2015155    -0.58580212    
 -1.4287384     -2.3943741     -2.2904790     -2.2047032     -1.2312983    -0.61450770    
-0.49701650    -0.94118628     -1.2015155     -1.2312983     -1.2003131    -0.80976867    
-0.21577452    -0.42010241    -0.58580212    -0.61450770    -0.80976867    -0.75042407    

 Fock matrix F:
  33.182447     -13.676367     -11.480483     -10.467224     -4.1416417     -1.8446743    
 -13.676367     -8.3894158     -9.5065595     -9.2038264     -4.8349924     -2.3075152    
 -11.480483     -9.5065595     -6.9217810     -6.6754993     -4.3817575     -2.3861660    
 -10.467224     -9.2038264     -6.6754993     -6.4075559     -4.2428200     -2.3679879    
 -4.1416417     -4.8349924     -4.3817575     -4.2428200     -2.8860025     -1.8960731    
 -1.8446743     -2.3075152     -2.3861660     -2.3679879     -1.8960731     -1.3266221    

 Transformed Fock matrix F':
  64.303388     -42.975159      13.743173     -12.855693     -1.7346888     0.36258420    
 -42.975159      25.455044     -22.203917      4.7807602      1.4064597    -0.92968816    
  13.743173     -22.203917      20.285278     -12.296989     -3.5612443     0.41541493    
 -12.855693      4.7807602     -12.296989      6.3260251    -0.82788949    -0.56930964    
 -1.7346888      1.4064597     -3.5612443    -0.82788949     0.28442753    -0.84612380    
 0.36258420    -0.92968816     0.41541493    -0.56930964    -0.84612380    -0.30948634    

 Orbitals energies:
              1 -11.350208    
              2-0.87830725    
              3 0.43782019    
              4  5.2953460    
              5  20.743117    
              6  102.09691    

 Transformed coefficients C':
 0.35750831    -0.10059267    -0.96376567E-01-0.18431182    -0.47062547     0.77286564    
 0.64966946    -0.19273408    -0.19250578    -0.45422812    -0.12116219    -0.53171537    
 0.48535628    -0.13302068E-01 0.68759233E-01 0.10205520     0.81154282     0.30084463    
 0.43126961     0.56629085E-01 0.12455790     0.81969555    -0.30808845    -0.16871785    
 0.15831450     0.62598204     0.70428592    -0.27662355    -0.98279515E-01-0.29747365E-01
 0.59073900E-01 0.74665747    -0.66135613     0.29484271E-01 0.25539980E-01 0.99677012E-02

 New coefficients C=XC':
 0.16254242    -0.42901335E-01-0.38029030E-01-0.10703672    -0.11483829      1.4255302    
 0.53622369    -0.16934279    -0.20142653    -0.12419091     -2.0335244     -2.3061254    
 0.44354735    -0.29418540     0.75380894     -10.445431      18.384704      9.0742403    
-0.18694034E-01 0.80260614E-01 -1.2103188      12.223121     -17.482501     -8.1601119    
 0.26812354E-01 0.52896385      2.1110910     -2.4340298      1.4243063     0.56848394    
-0.56193662E-02 0.60454747     -1.7228273     0.87043983    -0.42831969    -0.17276410    

 Kinetic energy:
   42.164318066602384     

 Nuclear-elctron potential energy:
  -90.239300090265459     

 ===> One-electron energy:
  -48.074982023663082     

 Coulomb energy:
   17.940617250918951     

 Exchange-correlation energy
  -5.6938217647029319     

 HF exact exchange energy:
   5.0747709586312020     

 ===> Two-electron energy:
   12.246795486216019     

 ===> Total energy:
  -35.828186537447067     

 ******************
 End of  SCF cycle
 ******************
