
 Overlap matrix S:
  1.0000000     0.61565089     0.28282059     0.13325672     0.66607913E-01 0.34450332E-01
 0.61565089      1.0000000     0.75152600     0.42543220     0.22732114     0.12067880    
 0.28282059     0.75152600      1.0000000     0.81497831     0.51741618     0.29623148    
 0.13325672     0.42543220     0.81497831      1.0000000     0.85056276     0.57260191    
 0.66607913E-01 0.22732114     0.51741618     0.85056276      1.0000000     0.86679856    
 0.34450332E-01 0.12067880     0.29623148     0.57260191     0.86679856      1.0000000    

 Nuclear matrix N:
 -9.5110006     -4.5040389     -1.9502236    -0.90405188    -0.44948775    -0.23201482    
 -4.5040389     -4.0725401     -2.4482700     -1.2826468    -0.66672506    -0.35018189    
 -1.9502236     -2.4482700     -2.1540772     -1.4388499    -0.83903132    -0.46343815    
-0.90405188     -1.2826468     -1.4388499     -1.2625299    -0.89470382    -0.55054952    
-0.44948775    -0.66672506    -0.83903132    -0.89470382    -0.78675905    -0.57298072    
-0.23201482    -0.35018189    -0.46343815    -0.55054952    -0.57298072    -0.50491007    

 Kinect energy matrix:
  53.284829      10.165614      1.4705857     0.24590512     0.48242391E-01 0.10317641E-01
  10.165614      9.7697151      3.2100944     0.72885669     0.15980536     0.35695668E-01
  1.4705857      3.2100944      2.7332142      1.1391061     0.33290540     0.84335766E-01
 0.24590512     0.72885669      1.1391061     0.93893286     0.44676438     0.14826144    
 0.48242391E-01 0.15980536     0.33290540     0.44676438     0.36461510     0.18438995    
 0.10317641E-01 0.35695668E-01 0.84335766E-01 0.14826144     0.18438995     0.15016864    

 Transformation matrix X=S^(-1/2):
  1.2438805    -0.57716438     0.23364592    -0.11619646     0.50477565E-01-0.14124403E-01
-0.57716438      1.9322041     -1.2333108     0.56379720    -0.24656280     0.65582474E-01
 0.23364592     -1.2333108      2.9341892     -2.0728967     0.88956987    -0.24115839    
-0.11619646     0.56379720     -2.0728967      4.0117548     -2.6288600     0.72972894    
 0.50477565E-01-0.24656280     0.88956987     -2.6288600      4.1228257     -1.8178120    
-0.14124403E-01 0.65582474E-01-0.24115839     0.72972894     -1.8178120      2.0696888    

 XtSX:
  1.0000000    -0.11037178E-15-0.38879490E-15 0.81358531E-15-0.36776138E-15 0.39551695E-15
 0.34369209E-15  1.0000000     0.15265567E-14-0.12732870E-14 0.12212453E-14-0.55511151E-15
-0.37838656E-15 0.13314003E-14  1.0000000    -0.29212743E-14 0.29698466E-14-0.12212453E-14
 0.57592819E-15-0.30357661E-15-0.35943470E-14  1.0000000    -0.44408921E-14 0.22759572E-14
-0.30878078E-15 0.95756736E-15 0.26506575E-14-0.26645353E-14  1.0000000    -0.15543122E-14
 0.28969882E-15-0.67307271E-15-0.13600232E-14 0.16653345E-14-0.19984014E-14  1.0000000    

 Initial Fock matrix F = Hcore:
  43.773829      5.6615747    -0.47963794    -0.65814676    -0.40124536    -0.22169718    
  5.6615747      5.6971751     0.76182434    -0.55379015    -0.50691970    -0.31448622    
-0.47963794     0.76182434     0.57913708    -0.29974382    -0.50612591    -0.37910238    
-0.65814676    -0.55379015    -0.29974382    -0.32359708    -0.44793944    -0.40228808    
-0.40124536    -0.50691970    -0.50612591    -0.44793944    -0.42214394    -0.38859077    
-0.22169718    -0.31448622    -0.37910238    -0.40228808    -0.38859077    -0.35474144    

 Transformed Fock matrix F':
  61.148198     -20.983498      5.3589499     -3.4138154      1.3381468    -0.43522992    
 -20.983498      19.466722     -7.9304183      2.3253921     -1.2978043     0.28852275    
  5.3589499     -7.9304183      6.4085244     -3.0077645     0.67332918    -0.28457409    
 -3.4138154      2.3253921     -3.0077645      2.1672587     -1.0604464     0.58935760E-01
  1.3381468     -1.2978043     0.67332918     -1.0604464     0.49815502    -0.26965643    
-0.43522992     0.28852275    -0.28457409     0.58935760E-01-0.26965643    -0.13195664    

 Orbitals energies:
              1-0.49985965    
              2-0.17139604E-01
              3 0.85346194    
              4  3.6901921    
              5  14.315207    
              6  71.215041    

 Transformed coefficients C':
 0.37526216E-01-0.25634092E-01-0.55962687E-01 0.91950216E-01 0.40052250     0.90880677    
 0.13385076    -0.10257061    -0.17693590     0.50692034     0.72804290    -0.39146168    
 0.30708216    -0.22496913    -0.50738495     0.55109171    -0.52724476     0.12633626    
 0.50181422    -0.39689078    -0.39574615    -0.63502370     0.16336977    -0.64034340E-01
 0.59337093    -0.27520192     0.73511859     0.16257221    -0.68114644E-01 0.26573957E-01
 0.53147881     0.83961459    -0.10539464    -0.34496853E-01 0.14796927E-01-0.77841717E-02

 New coefficients C=XC':
 0.53088018E-02-0.48820383E-02-0.14582885E-02 0.33040053E-01-0.67817109E-01  1.3947946    
 0.29714377E-01-0.67827663E-02-0.95098766E-01-0.15363544      1.9356892     -1.4798917    
 0.10419071    -0.16416768     0.21607511      2.4825779     -2.7541684      1.2240806    
 0.27565660     0.15541723     -2.6385666     -3.8673525      2.3021142    -0.92061677    
 0.40309973     -1.7936303      3.8521613      2.7722424     -1.3655110     0.54682644    
 0.32174014      1.9962720     -1.7316822    -0.93127268     0.44289951    -0.18012141    
 ******************
 Entering SCF cycle
 ******************

 :::::::::::::::: Step number           1 ::::::::::::::::

 Density matrix guess:
 0.28183376E-04 0.15774774E-03 0.55312780E-03 0.14634062E-02 0.21399765E-02 0.17080546E-02
 0.15774774E-03 0.88294419E-03 0.30959619E-02 0.81909640E-02 0.11977857E-01 0.95603077E-02
 0.55312780E-03 0.30959619E-02 0.10855703E-01 0.28720855E-01 0.41999245E-01 0.33522332E-01
 0.14634062E-02 0.81909640E-02 0.28720855E-01 0.75986559E-01 0.11111710     0.88689791E-01
 0.21399765E-02 0.11977857E-01 0.41999245E-01 0.11111710     0.16248939     0.12969336    
 0.17080546E-02 0.95603077E-02 0.33522332E-01 0.88689791E-01 0.12969336     0.10351672    

 Coulomb  matrix:
 0.98873338     0.60429258     0.27700591     0.13043467     0.65183620E-01 0.33710990E-01
 0.60429258     0.94861060     0.69617220     0.39008693     0.20761987     0.11004790    
 0.27700591     0.69617220     0.86400221     0.67032653     0.41515134     0.23503744    
 0.13043467     0.39008693     0.67032653     0.73498986     0.57771006     0.37226655    
 0.65183620E-01 0.20761987     0.41515134     0.57771006     0.58271061     0.45332490    
 0.33710990E-01 0.11004790     0.23503744     0.37226655     0.45332490     0.43260713    

 Exact exchange  matrix:
 0.80288787E-01 0.13127501     0.14648427     0.13516240     0.10826714     0.76624915E-01
 0.13127501     0.28434828     0.36511555     0.35646222     0.29231229     0.20910829    
 0.14648427     0.36511555     0.53970293     0.57419601     0.49165635     0.35929577    
 0.13516240     0.35646222     0.57419601     0.66066701     0.59541788     0.44791614    
 0.10826714     0.29231229     0.49165635     0.59541788     0.55995804     0.43335183    
 0.76624915E-01 0.20910829     0.35929577     0.44791614     0.43335183     0.34272072    
 Calculated number of electrons:
  0.99830340141921103     

 Exchange-correlation potential matrix:
 -1.1618920    -0.69701767    -0.31799824    -0.14953630    -0.74696499E-01-0.38624329E-01
-0.69701767     -1.0350559    -0.73996393    -0.41059814    -0.21776103    -0.11526267    
-0.31799824    -0.73996393    -0.86814037    -0.65297582    -0.39869322    -0.22432410    
-0.14953630    -0.41059814    -0.65297582    -0.67394036    -0.50931238    -0.32115657    
-0.74696499E-01-0.21776103    -0.39869322    -0.50931238    -0.47550372    -0.34877249    
-0.38624329E-01-0.11526267    -0.22432410    -0.32115657    -0.34877249    -0.29542619    

 Fock matrix F:
  43.600670      5.5688496    -0.52063026    -0.67724838    -0.41075824    -0.22661052    
  5.5688496      5.6107297     0.71803261    -0.57430137    -0.51706086    -0.31970099    
-0.52063026     0.71803261     0.57499892    -0.28239310    -0.48966780    -0.36838904    
-0.67724838    -0.57430137    -0.28239310    -0.26254759    -0.37954177    -0.35117809    
-0.41075824    -0.51706086    -0.48966780    -0.37954177    -0.31493706    -0.28403836    
-0.22661052    -0.31970099    -0.36838904    -0.35117809    -0.28403836    -0.21756049    

 Transformed Fock matrix F':
  60.974352     -20.999089      5.3486953     -3.4128364      1.3354618    -0.43528146    
 -20.999089      19.402968     -7.9505591      2.3109869     -1.2984261     0.28581511    
  5.3486953     -7.9505591      6.4443329     -3.0261556     0.66187053    -0.28708983    
 -3.4128364      2.3109869     -3.0261556      2.2705303     -1.0749045     0.51756003E-01
  1.3354618     -1.2984261     0.66187053     -1.0749045     0.63950277    -0.27803346    
-0.43528146     0.28581511    -0.28708983     0.51756003E-01-0.27803346     0.26139505E-01

 Orbitals energies:
              1-0.41434709    
              2 0.12341194    
              3 0.95961489    
              4  3.7387140    
              5  14.277549    
              6  71.072883    

 Transformed coefficients C':
 0.42200599E-01-0.25824338E-01-0.56214351E-01 0.92947999E-01 0.40073369     0.90838612    
 0.15093717    -0.10282661    -0.17925993     0.50629365     0.72408941    -0.39226497    
 0.34109919    -0.22360368    -0.49877554     0.53490432    -0.53168366     0.12674998    
 0.53492149    -0.37064195    -0.35503609    -0.64718859     0.16569274    -0.64232039E-01
 0.58922541    -0.20800490     0.75846507     0.16977995    -0.68864329E-01 0.26657076E-01
 0.47514297     0.87070069    -0.12086732    -0.35021024E-01 0.14937954E-01-0.78067403E-02

 New coefficients C=XC':
 0.59489523E-02-0.47490447E-02-0.17517747E-02 0.32645509E-01-0.66619491E-01  1.3948592    
 0.34070637E-01-0.85822063E-02-0.93880993E-01-0.14412819      1.9349066     -1.4818447    
 0.12529256    -0.16202124     0.18425614      2.4678418     -2.7677840      1.2266761    
 0.31683931     0.10380129     -2.5670407     -3.9024002      2.3204551    -0.92290647    
 0.42766564     -1.6408337      3.8777391      2.8206964     -1.3779283     0.54827473    
 0.22968864      1.9572702     -1.7786631    -0.95048840     0.44705754    -0.18060999    

 Kinetic energy:
  0.50052234986325683     

 Nuclear-elctron potential energy:
  -1.0003819954687683     

 ===> One-electron energy:
 -0.49985964560551133     

 Coulomb energy:
  0.31287652718695907     

 Exchange-correlation energy
 -0.26813722356200487     

 HF exact exchange energy:
  0.31287652718695913     

 ===> Two-electron energy:
   4.4739303624954208E-002

 ===> Total energy:
 -0.45512034198055712     

 :::::::::::::::: Step number           2 ::::::::::::::::

 Density matrix guess:
 0.35390033E-04 0.20268459E-03 0.74535946E-03 0.18848619E-02 0.25441625E-02 0.13664068E-02
 0.20268459E-03 0.11608083E-02 0.42687973E-02 0.10794917E-01 0.14570840E-01 0.78256383E-02
 0.74535946E-03 0.42687973E-02 0.15698226E-01 0.39697608E-01 0.53583322E-01 0.28778278E-01
 0.18848619E-02 0.10794917E-01 0.39697608E-01 0.10038715     0.13550129     0.72774391E-01
 0.25441625E-02 0.14570840E-01 0.53583322E-01 0.13550129     0.18289790     0.98229940E-01
 0.13664068E-02 0.78256383E-02 0.28778278E-01 0.72774391E-01 0.98229940E-01 0.52756873E-01

 Coulomb  matrix:
  1.0724457     0.65485184     0.30010111     0.14129843     0.70610832E-01 0.36517416E-01
 0.65485184      1.0236978     0.74919573     0.41930907     0.22307454     0.11821886    
 0.30010111     0.74919573     0.92277234     0.71240834     0.44017721     0.24894821    
 0.14129843     0.41930907     0.71240834     0.77333414     0.60412898     0.38807940    
 0.70610832E-01 0.22307454     0.44017721     0.60412898     0.60323697     0.46654984    
 0.36517416E-01 0.11821886     0.24894821     0.38807940     0.46654984     0.44159672    

 Exact exchange  matrix:
 0.97919924E-01 0.15871634     0.17435178     0.15731029     0.12277333     0.84735821E-01
 0.15871634     0.33996237     0.42894368     0.40918145     0.32683081     0.22796665    
 0.17435178     0.42894368     0.62078693     0.64347279     0.53580981     0.38146896    
 0.15731029     0.40918145     0.64347279     0.71839870     0.62754422     0.45895241    
 0.12277333     0.32683081     0.53580981     0.62754422     0.56986636     0.42747602    
 0.84735821E-01 0.22796665     0.38146896     0.45895241     0.42747602     0.32676859    
 Calculated number of electrons:
  0.99838506183481368     

 Exchange-correlation potential matrix:
 -1.2423295    -0.74463100    -0.33963531    -0.15969922    -0.79771135E-01-0.41247958E-01
-0.74463100     -1.1014142    -0.78526660    -0.43522753    -0.23072005    -0.12210024    
-0.33963531    -0.78526660    -0.91401160    -0.68365781    -0.41625948    -0.23391229    
-0.15969922    -0.43522753    -0.68365781    -0.69671767    -0.52186280    -0.32744688    
-0.79771135E-01-0.23072005    -0.41625948    -0.52186280    -0.47882405    -0.34688183    
-0.41247958E-01-0.12210024    -0.23391229    -0.32744688    -0.34688183    -0.28728068    

 Fock matrix F:
  43.603945      5.5717956    -0.51917213    -0.67654755    -0.41040566    -0.22642772    
  5.5717956      5.6194586     0.72575347    -0.56970862    -0.51456521    -0.31836760    
-0.51917213     0.72575347     0.58789783    -0.27099328    -0.48220818    -0.36406646    
-0.67654755    -0.56970862    -0.27099328    -0.24698062    -0.36567326    -0.34165556    
-0.41040566    -0.51456521    -0.48220818    -0.36567326    -0.29773102    -0.26892276    
-0.22642772    -0.31836760    -0.36406646    -0.34165556    -0.26892276    -0.20042540    

 Transformed Fock matrix F':
  60.977527     -20.999980      5.3480182     -3.4127788      1.3352964    -0.43527882    
 -20.999980      19.412983     -7.9514008      2.3102979     -1.2984178     0.28566906    
  5.3480182     -7.9514008      6.4590513     -3.0267381     0.66132604    -0.28707982    
 -3.4127788      2.3102979     -3.0267381      2.2874804     -1.0750540     0.51178509E-01
  1.3352964     -1.2984178     0.66132604     -1.0750540     0.65682867    -0.27648759    
-0.43527882     0.28566906    -0.28707982     0.51178509E-01-0.27648759     0.41878148E-01

 Orbitals energies:
              1-0.39819035    
              2 0.13882599    
              3 0.97561225    
              4  3.7532707    
              5  14.288349    
              6  71.077881    

 Transformed coefficients C':
 0.42372554E-01-0.25782576E-01-0.56270448E-01 0.93010142E-01 0.40075110     0.90836179    
 0.15152064    -0.10273451    -0.17946984     0.50629618     0.72390057    -0.39231345    
 0.34219667    -0.22301394    -0.49870359     0.53429691    -0.53189969     0.12676938    
 0.53568275    -0.36943061    -0.35425100    -0.64765880     0.16577826    -0.64240885E-01
 0.58847950    -0.20792836     0.75903849     0.16989225    -0.68877811E-01 0.26659295E-01
 0.47421870     0.87139686    -0.11952296    -0.34854131E-01 0.14921824E-01-0.78060995E-02

 New coefficients C=XC':
 0.59694568E-02-0.47591929E-02-0.17648621E-02 0.32637380E-01-0.66549712E-01  1.3948626    
 0.34297723E-01-0.84459283E-02-0.93953511E-01-0.14369191      1.9348486     -1.4819537    
 0.12581472    -0.16300548     0.18327151      2.4671053     -2.7683662      1.2268073    
 0.31921371     0.10779232     -2.5646785     -3.9032067      2.3211611    -0.92301204    
 0.42511041     -1.6444641      3.8757085      2.8215542     -1.3783241     0.54833395    
 0.22945829      1.9593191     -1.7763805    -0.95054447     0.44715053    -0.18062667    

 Kinetic energy:
  0.59072026802438149     

 Nuclear-elctron potential energy:
  -1.0867165059855439     

 ===> One-electron energy:
 -0.49599623796116249     

 Coulomb energy:
  0.34120190021417940     

 Exchange-correlation energy
 -0.29229695361465602     

 HF exact exchange energy:
  0.34120190021417934     

 ===> Two-electron energy:
   4.8904946599523380E-002

 ===> Total energy:
 -0.44709129136163911     

 :::::::::::::::: Step number           3 ::::::::::::::::

 Density matrix guess:
 0.35634414E-04 0.20473877E-03 0.75104553E-03 0.19055324E-02 0.25376782E-02 0.13697413E-02
 0.20473877E-03 0.11763338E-02 0.43151584E-02 0.10948303E-01 0.14580319E-01 0.78698968E-02
 0.75104553E-03 0.43151584E-02 0.15829344E-01 0.40161783E-01 0.53485147E-01 0.28869230E-01
 0.19055324E-02 0.10948303E-01 0.40161783E-01 0.10189739     0.13570107     0.73246232E-01
 0.25376782E-02 0.14580319E-01 0.53485147E-01 0.13570107     0.18071886     0.97545107E-01
 0.13697413E-02 0.78698968E-02 0.28869230E-01 0.73246232E-01 0.97545107E-01 0.52651106E-01

 Coulomb  matrix:
  1.0749238     0.65634257     0.30078127     0.14161826     0.70770593E-01 0.36600026E-01
 0.65634257      1.0258727     0.75071376     0.42014160     0.22351403     0.11845105    
 0.30078127     0.75071376     0.92440166     0.71354997     0.44084888     0.24931977    
 0.14161826     0.42014160     0.71354997     0.77432569     0.60479041     0.38846848    
 0.70770593E-01 0.22351403     0.44084888     0.60479041     0.60372157     0.46685061    
 0.36600026E-01 0.11845105     0.24931977     0.38846848     0.46685061     0.44179003    

 Exact exchange  matrix:
 0.98546591E-01 0.15966863     0.17528987     0.15803093     0.12323910     0.85008979E-01
 0.15966863     0.34182888     0.43100294     0.41080847     0.32787150     0.22856325    
 0.17528987     0.43100294     0.62326001     0.64544353     0.53700292     0.38209748    
 0.15803093     0.41080847     0.64544353     0.71984188     0.62822259     0.45916385    
 0.12323910     0.32787150     0.53700292     0.62822259     0.56990433     0.42721883    
 0.85008979E-01 0.22856325     0.38209748     0.45916385     0.42721883     0.32634416    
 Calculated number of electrons:
  0.99838944381458339     

 Exchange-correlation potential matrix:
 -1.2450191    -0.74621273    -0.34035266    -0.16003596    -0.79939247E-01-0.41334867E-01
-0.74621273     -1.1035498    -0.78669545    -0.43599805    -0.23112423    -0.12231324    
-0.34035266    -0.78669545    -0.91538466    -0.68454205    -0.41675503    -0.23417999    
-0.16003596    -0.43599805    -0.68454205    -0.69729986    -0.52213930    -0.32756737    
-0.79939247E-01-0.23112423    -0.41675503    -0.52213930    -0.47882153    -0.34677077    
-0.41334867E-01-0.12231324    -0.23417999    -0.32756737    -0.34677077    -0.28707016    

 Fock matrix F:
  43.603734      5.5717046    -0.51920932    -0.67656446    -0.41041401    -0.22643202    
  5.5717046      5.6194980     0.72584265    -0.56964660    -0.51452991    -0.31834841    
-0.51920932     0.72584265     0.58815408    -0.27073589    -0.48203207    -0.36396260    
-0.67656446    -0.56964660    -0.27073589    -0.24657125    -0.36528833    -0.34138697    
-0.41041401    -0.51452991    -0.48203207    -0.36528833    -0.29724391    -0.26851093    
-0.22643202    -0.31834841    -0.36396260    -0.34138697    -0.26851093    -0.20002157    

 Transformed Fock matrix F':
  60.977314     -21.000027      5.3479867     -3.4127764      1.3352876    -0.43527883    
 -21.000027      19.413083     -7.9514455      2.3102608     -1.2984133     0.28566217    
  5.3479867     -7.9514455      6.4594079     -3.0267729     0.66127993    -0.28708296    
 -3.4127764      2.3102608     -3.0267729      2.2879472     -1.0750233     0.51156668E-01
  1.3352876     -1.2984133     0.66127993     -1.0750233     0.65726607    -0.27633453    
-0.43527883     0.28566217    -0.28708296     0.51156668E-01-0.27633453     0.42101947E-01

 Orbitals energies:
              1-0.39776234    
              2 0.13904759    
              3 0.97597725    
              4  3.7536044    
              5  14.288497    
              6  71.077756    

 Transformed coefficients C':
 0.42380180E-01-0.25779647E-01-0.56274117E-01 0.93013636E-01 0.40075176     0.90836064    
 0.15154630    -0.10272991    -0.17948154     0.50629737     0.72389087    -0.39231573    
 0.34224407    -0.22297435    -0.49870559     0.53426953    -0.53191119     0.12677037    
 0.53569303    -0.36938062    -0.35424194    -0.64768262     0.16578260    -0.64241306E-01
 0.58841416    -0.20803621     0.75906138     0.16988464    -0.68876838E-01 0.26659277E-01
 0.47424507     0.87140307    -0.11937674    -0.34841634E-01 0.14920690E-01-0.78060346E-02

 New coefficients C=XC':
 0.59703411E-02-0.47602921E-02-0.17650982E-02 0.32636844E-01-0.66546415E-01  1.3948627    
 0.34308081E-01-0.84323845E-02-0.93962495E-01-0.14366857      1.9348458     -1.4819589    
 0.12583814    -0.16309535     0.18324555      2.4670639     -2.7683957      1.2268136    
 0.31936128     0.10820111     -2.5645977     -3.9032161      2.3211934    -0.92301684    
 0.42480229     -1.6450172      3.8755141      2.8215383     -1.3783372     0.54833625    
 0.22962930      1.9595552     -1.7761131    -0.95051553     0.44715171    -0.18062718    

 Kinetic energy:
  0.59351983127054631     

 Nuclear-elctron potential energy:
  -1.0892889082481456     

 ===> One-electron energy:
 -0.49576907697759937     

 Coulomb energy:
  0.34195983998172519     

 Exchange-correlation energy
 -0.29295643723654313     

 HF exact exchange energy:
  0.34195983998172530     

 ===> Two-electron energy:
   4.9003402745182056E-002

 ===> Total energy:
 -0.44676567423241731     

 :::::::::::::::: Step number           4 ::::::::::::::::

 Density matrix guess:
 0.35644973E-04 0.20483095E-03 0.75129663E-03 0.19066958E-02 0.25362146E-02 0.13709652E-02
 0.20483095E-03 0.11770444E-02 0.43172651E-02 0.10956673E-01 0.14574151E-01 0.78781404E-02
 0.75129663E-03 0.43172651E-02 0.15835238E-01 0.40187830E-01 0.53456331E-01 0.28896124E-01
 0.19066958E-02 0.10956673E-01 0.40187830E-01 0.10199163     0.13566540     0.73334706E-01
 0.25362146E-02 0.14574151E-01 0.53456331E-01 0.13566540     0.18045699     0.97547051E-01
 0.13709652E-02 0.78781404E-02 0.28896124E-01 0.73334706E-01 0.97547051E-01 0.52729613E-01

 Coulomb  matrix:
  1.0750079     0.65639285     0.30080417     0.14162902     0.70775969E-01 0.36602805E-01
 0.65639285      1.0259440     0.75076247     0.42016807     0.22352795     0.11845839    
 0.30080417     0.75076247     0.92445065     0.71358263     0.44086759     0.24933000    
 0.14162902     0.42016807     0.71358263     0.77435069     0.60480550     0.38847684    
 0.70775969E-01 0.22352795     0.44086759     0.60480550     0.60373043     0.46685522    
 0.36602805E-01 0.11845839     0.24933000     0.38847684     0.46685522     0.44179209    

 Exact exchange  matrix:
 0.98573250E-01 0.15970857     0.17532803     0.15805908     0.12325743     0.85021052E-01
 0.15970857     0.34190544     0.43108390     0.41086890     0.32791016     0.22858883    
 0.17532803     0.43108390     0.62335034     0.64550768     0.53703991     0.38212175    
 0.15805908     0.41086890     0.64550768     0.71987636     0.62823179     0.45916824    
 0.12325743     0.32791016     0.53703991     0.62823179     0.56989318     0.42720896    
 0.85021052E-01 0.22858883     0.38212175     0.45916824     0.42720896     0.32633653    
 Calculated number of electrons:
  0.99838737893433838     

 Exchange-correlation potential matrix:
 -1.2451336    -0.74627984    -0.34038307    -0.16005023    -0.79946369E-01-0.41338548E-01
-0.74627984     -1.1036386    -0.78675389    -0.43602932    -0.23114058    -0.12232184    
-0.34038307    -0.78675389    -0.91543736    -0.68457391    -0.41677218    -0.23418907    
-0.16005023    -0.43602932    -0.68457391    -0.69731604    -0.52214399    -0.32756807    
-0.79946369E-01-0.23114058    -0.41677218    -0.52214399    -0.47881637    -0.34676482    
-0.41338548E-01-0.12232184    -0.23418907    -0.32756807    -0.34676482    -0.28706619    

 Fock matrix F:
  43.603703      5.5716877    -0.51921683    -0.67656796    -0.41041576    -0.22643292    
  5.5716877      5.6194804     0.72583292    -0.56965140    -0.51453233    -0.31834967    
-0.51921683     0.72583292     0.58815037    -0.27073510    -0.48203051    -0.36396146    
-0.67656796    -0.56965140    -0.27073510    -0.24656244    -0.36527793    -0.34137931    
-0.41041576    -0.51453233    -0.48203051    -0.36527793    -0.29722988    -0.26850038    
-0.22643292    -0.31834967    -0.36396146    -0.34137931    -0.26850038    -0.20001554    

 Transformed Fock matrix F':
  60.977284     -21.000029      5.3479852     -3.4127762      1.3352871    -0.43527885    
 -21.000029      19.413069     -7.9514490      2.3102581     -1.2984129     0.28566184    
  5.3479852     -7.9514490      6.4594111     -3.0267762     0.66127596    -0.28708391    
 -3.4127762      2.3102581     -3.0267762      2.2879608     -1.0750202     0.51157231E-01
  1.3352871     -1.2984129     0.66127596     -1.0750202     0.65727696    -0.27632504    
-0.43527885     0.28566184    -0.28708391     0.51157231E-01-0.27632504     0.42094732E-01

 Orbitals energies:
              1-0.39775269    
              2 0.13904025    
              3 0.97598262    
              4  3.7536077    
              5  14.288488    
              6  71.077731    

 Transformed coefficients C':
 0.42380674E-01-0.25779609E-01-0.56274311E-01 0.93013835E-01 0.40075178     0.90836057    
 0.15154809    -0.10273013    -0.17948218     0.50629738     0.72389024    -0.39231585    
 0.34224731    -0.22297304    -0.49870534     0.53426747    -0.53191195     0.12677044    
 0.53569262    -0.36937910    -0.35424054    -0.64768450     0.16578294    -0.64241334E-01
 0.58840901    -0.20804390     0.75906344     0.16988390    -0.68876734E-01 0.26659273E-01
 0.47424897     0.87140219    -0.11936777    -0.34841216E-01 0.14920672E-01-0.78060341E-02

 New coefficients C=XC':
 0.59704099E-02-0.47603661E-02-0.17650961E-02 0.32636781E-01-0.66546230E-01  1.3948627    
 0.34308564E-01-0.84317471E-02-0.93963065E-01-0.14366698      1.9348457     -1.4819592    
 0.12584087    -0.16310101     0.18324381      2.4670611     -2.7683978      1.2268140    
 0.31937026     0.10822394     -2.5645918     -3.9032171      2.3211957    -0.92301715    
 0.42477752     -1.6450501      3.8755030      2.8215376     -1.3783382     0.54833640    
 0.22964576      1.9595681     -1.7760974    -0.95051420     0.44715187    -0.18062722    

 Kinetic energy:
  0.59361541769591930     

 Nuclear-elctron potential energy:
  -1.0893770335911506     

 ===> One-electron energy:
 -0.49576161589523116     

 Coulomb energy:
  0.34197804699370377     

 Exchange-correlation energy
 -0.29297355791947044     

 HF exact exchange energy:
  0.34197804699370382     

 ===> Two-electron energy:
   4.9004489074233326E-002

 ===> Total energy:
 -0.44675712682099783     

 ******************
 End of  SCF cycle
 ******************
