
 Overlap matrix S:
  1.0000000     0.61565089     0.28282059     0.13325672     0.66607913E-01 0.34450332E-01
 0.61565089      1.0000000     0.75152600     0.42543220     0.22732114     0.12067880    
 0.28282059     0.75152600      1.0000000     0.81497831     0.51741618     0.29623148    
 0.13325672     0.42543220     0.81497831      1.0000000     0.85056276     0.57260191    
 0.66607913E-01 0.22732114     0.51741618     0.85056276      1.0000000     0.86679856    
 0.34450332E-01 0.12067880     0.29623148     0.57260191     0.86679856      1.0000000    

 Nuclear matrix N:
 -9.5110006     -4.5040389     -1.9502236    -0.90405188    -0.44948775    -0.23201482    
 -4.5040389     -4.0725401     -2.4482700     -1.2826468    -0.66672506    -0.35018189    
 -1.9502236     -2.4482700     -2.1540772     -1.4388499    -0.83903132    -0.46343815    
-0.90405188     -1.2826468     -1.4388499     -1.2625299    -0.89470382    -0.55054952    
-0.44948775    -0.66672506    -0.83903132    -0.89470382    -0.78675905    -0.57298072    
-0.23201482    -0.35018189    -0.46343815    -0.55054952    -0.57298072    -0.50491007    

 Kinect energy matrix:
  53.284829      10.165614      1.4705857     0.24590512     0.48242391E-01 0.10317641E-01
  10.165614      9.7697151      3.2100944     0.72885669     0.15980536     0.35695668E-01
  1.4705857      3.2100944      2.7332142      1.1391061     0.33290540     0.84335766E-01
 0.24590512     0.72885669      1.1391061     0.93893286     0.44676438     0.14826144    
 0.48242391E-01 0.15980536     0.33290540     0.44676438     0.36461510     0.18438995    
 0.10317641E-01 0.35695668E-01 0.84335766E-01 0.14826144     0.18438995     0.15016864    

 Transformation matrix X=S^(-1/2):
  1.2438805    -0.57716438     0.23364592    -0.11619646     0.50477565E-01-0.14124403E-01
-0.57716438      1.9322041     -1.2333108     0.56379720    -0.24656280     0.65582474E-01
 0.23364592     -1.2333108      2.9341892     -2.0728967     0.88956987    -0.24115839    
-0.11619646     0.56379720     -2.0728967      4.0117548     -2.6288600     0.72972894    
 0.50477565E-01-0.24656280     0.88956987     -2.6288600      4.1228257     -1.8178120    
-0.14124403E-01 0.65582474E-01-0.24115839     0.72972894     -1.8178120      2.0696888    

 XtSX:
  1.0000000    -0.11037178E-15-0.38879490E-15 0.81358531E-15-0.36776138E-15 0.39551695E-15
 0.34369209E-15  1.0000000     0.15265567E-14-0.12732870E-14 0.12212453E-14-0.55511151E-15
-0.37838656E-15 0.13314003E-14  1.0000000    -0.29212743E-14 0.29698466E-14-0.12212453E-14
 0.57592819E-15-0.30357661E-15-0.35943470E-14  1.0000000    -0.44408921E-14 0.22759572E-14
-0.30878078E-15 0.95756736E-15 0.26506575E-14-0.26645353E-14  1.0000000    -0.15543122E-14
 0.28969882E-15-0.67307271E-15-0.13600232E-14 0.16653345E-14-0.19984014E-14  1.0000000    

 Initial Fock matrix F = Hcore:
  43.773829      5.6615747    -0.47963794    -0.65814676    -0.40124536    -0.22169718    
  5.6615747      5.6971751     0.76182434    -0.55379015    -0.50691970    -0.31448622    
-0.47963794     0.76182434     0.57913708    -0.29974382    -0.50612591    -0.37910238    
-0.65814676    -0.55379015    -0.29974382    -0.32359708    -0.44793944    -0.40228808    
-0.40124536    -0.50691970    -0.50612591    -0.44793944    -0.42214394    -0.38859077    
-0.22169718    -0.31448622    -0.37910238    -0.40228808    -0.38859077    -0.35474144    

 Transformed Fock matrix F':
  61.148198     -20.983498      5.3589499     -3.4138154      1.3381468    -0.43522992    
 -20.983498      19.466722     -7.9304183      2.3253921     -1.2978043     0.28852275    
  5.3589499     -7.9304183      6.4085244     -3.0077645     0.67332918    -0.28457409    
 -3.4138154      2.3253921     -3.0077645      2.1672587     -1.0604464     0.58935760E-01
  1.3381468     -1.2978043     0.67332918     -1.0604464     0.49815502    -0.26965643    
-0.43522992     0.28852275    -0.28457409     0.58935760E-01-0.26965643    -0.13195664    

 Orbitals energies:
              1-0.49985965    
              2-0.17139604E-01
              3 0.85346194    
              4  3.6901921    
              5  14.315207    
              6  71.215041    

 Transformed coefficients C':
 0.37526216E-01-0.25634092E-01-0.55962687E-01 0.91950216E-01 0.40052250     0.90880677    
 0.13385076    -0.10257061    -0.17693590     0.50692034     0.72804290    -0.39146168    
 0.30708216    -0.22496913    -0.50738495     0.55109171    -0.52724476     0.12633626    
 0.50181422    -0.39689078    -0.39574615    -0.63502370     0.16336977    -0.64034340E-01
 0.59337093    -0.27520192     0.73511859     0.16257221    -0.68114644E-01 0.26573957E-01
 0.53147881     0.83961459    -0.10539464    -0.34496853E-01 0.14796927E-01-0.77841717E-02

 New coefficients C=XC':
 0.53088018E-02-0.48820383E-02-0.14582885E-02 0.33040053E-01-0.67817109E-01  1.3947946    
 0.29714377E-01-0.67827663E-02-0.95098766E-01-0.15363544      1.9356892     -1.4798917    
 0.10419071    -0.16416768     0.21607511      2.4825779     -2.7541684      1.2240806    
 0.27565660     0.15541723     -2.6385666     -3.8673525      2.3021142    -0.92061677    
 0.40309973     -1.7936303      3.8521613      2.7722424     -1.3655110     0.54682644    
 0.32174014      1.9962720     -1.7316822    -0.93127268     0.44289951    -0.18012141    
 ******************
 Entering SCF cycle
 ******************

 :::::::::::::::: Step number           1 ::::::::::::::::

 Density matrix guess:
 0.28183376E-04 0.15774774E-03 0.55312780E-03 0.14634062E-02 0.21399765E-02 0.17080546E-02
 0.15774774E-03 0.88294419E-03 0.30959619E-02 0.81909640E-02 0.11977857E-01 0.95603077E-02
 0.55312780E-03 0.30959619E-02 0.10855703E-01 0.28720855E-01 0.41999245E-01 0.33522332E-01
 0.14634062E-02 0.81909640E-02 0.28720855E-01 0.75986559E-01 0.11111710     0.88689791E-01
 0.21399765E-02 0.11977857E-01 0.41999245E-01 0.11111710     0.16248939     0.12969336    
 0.17080546E-02 0.95603077E-02 0.33522332E-01 0.88689791E-01 0.12969336     0.10351672    

 Coulomb  matrix:
 0.98873338     0.60429258     0.27700591     0.13043467     0.65183620E-01 0.33710990E-01
 0.60429258     0.94861060     0.69617220     0.39008693     0.20761987     0.11004790    
 0.27700591     0.69617220     0.86400221     0.67032653     0.41515134     0.23503744    
 0.13043467     0.39008693     0.67032653     0.73498986     0.57771006     0.37226655    
 0.65183620E-01 0.20761987     0.41515134     0.57771006     0.58271061     0.45332490    
 0.33710990E-01 0.11004790     0.23503744     0.37226655     0.45332490     0.43260713    

 Exact exchange  matrix:
 0.80288787E-01 0.13127501     0.14648427     0.13516240     0.10826714     0.76624915E-01
 0.13127501     0.28434828     0.36511555     0.35646222     0.29231229     0.20910829    
 0.14648427     0.36511555     0.53970293     0.57419601     0.49165635     0.35929577    
 0.13516240     0.35646222     0.57419601     0.66066701     0.59541788     0.44791614    
 0.10826714     0.29231229     0.49165635     0.59541788     0.55995804     0.43335183    
 0.76624915E-01 0.20910829     0.35929577     0.44791614     0.43335183     0.34272072    
 Calculated number of electrons:
  0.99999998655296751     

 Exchange-correlation potential matrix:
-0.61217964    -0.36724587    -0.16754746    -0.78787942E-01-0.39356220E-01-0.20350453E-01
-0.36724587    -0.54535204    -0.38987347    -0.21633666    -0.11473431    -0.60729796E-01
-0.16754746    -0.38987347    -0.45740729    -0.34404102    -0.21006417    -0.11819227    
-0.78787942E-01-0.21633666    -0.34404102    -0.35508686    -0.26834738    -0.16921152    
-0.39356220E-01-0.11473431    -0.21006417    -0.26834738    -0.25053447    -0.18376900    
-0.20350453E-01-0.60729796E-01-0.11819227    -0.16921152    -0.18376900    -0.15589148    

 Fock matrix F:
  44.283355      5.9576141    -0.36491369    -0.62059364    -0.39264569    -0.22240526    
  5.9576141      6.1656846      1.0743125    -0.41507127    -0.45842864    -0.30226274    
-0.36491369      1.0743125     0.96515808    -0.30997055E-01-0.37143679    -0.32253308    
-0.62059364    -0.41507127    -0.30997055E-01-0.20089122E-01-0.22034439    -0.26890921    
-0.39264569    -0.45842864    -0.37143679    -0.22034439    -0.16732369    -0.18143058    
-0.22240526    -0.30226274    -0.32253308    -0.26890921    -0.18143058    -0.12473309    

 Transformed Fock matrix F':
  61.667743     -20.991714      5.3497871     -3.4192779      1.3341869    -0.43761640    
 -20.991714      19.975527     -7.9458171      2.3073694     -1.3120660     0.28096568    
  5.3497871     -7.9458171      6.8530296     -3.0268296     0.65109796    -0.30069900    
 -3.4192779      2.3073694     -3.0268296      2.5128052     -1.0691522     0.41955013E-01
  1.3341869     -1.3120660     0.65109796     -1.0691522     0.75831052    -0.25807705    
-0.43761640     0.28096568    -0.30069900     0.41955013E-01-0.25807705     0.83930893E-01

 Orbitals energies:
              1-0.24570732    
              2 0.23893228    
              3  1.1917959    
              4  4.1184307    
              5  14.811774    
              6  71.736121    

 Transformed coefficients C':
 0.34805364E-01-0.24992123E-01-0.56672372E-01 0.92015507E-01 0.40064824     0.90882691    
 0.12323803    -0.10160923    -0.17611827     0.50802364     0.72945563    -0.39150577    
 0.28199724    -0.21660754    -0.51385362     0.56282504    -0.52614105     0.12616159    
 0.46513993    -0.40866352    -0.43974147    -0.62715554     0.16081922    -0.63871160E-01
 0.57967813    -0.36381478     0.71003189     0.14928128    -0.66942660E-01 0.26468236E-01
 0.59304017     0.80172631    -0.64863002E-01-0.32621047E-01 0.14384684E-01-0.77480461E-02

 New coefficients C=XC':
 0.48894079E-02-0.52545897E-02-0.10510408E-02 0.33614285E-01-0.67856870E-01  1.3947795    
 0.28452933E-01-0.28817554E-02-0.10109227    -0.15817604      1.9352311     -1.4796526    
 0.92035148E-01-0.18595546     0.25502742      2.4870748     -2.7462139      1.2231862    
 0.25577908     0.29662523     -2.7055861     -3.8231861      2.2869943    -0.91932297    
 0.31131588     -2.0519094      3.7847201      2.7035209     -1.3525849     0.54575243    
 0.45267349      2.0683832     -1.6326725    -0.90024646     0.43787935    -0.17969644    

 Kinetic energy:
  0.50052234986325683     

 Nuclear-elctron potential energy:
  -1.0003819954687683     

 ===> One-electron energy:
 -0.49985964560551133     

 Coulomb energy:
  0.31287652718695907     

 Exchange-correlation energy
 -0.21337644273196391     

 HF exact exchange energy:
  0.31287652718695913     

 ===> Two-electron energy:
   9.9500084454995169E-002

 ===> Total energy:
 -0.42523458226426497     

 :::::::::::::::: Step number           2 ::::::::::::::::

 Density matrix guess:
 0.23906309E-04 0.13911800E-03 0.44999738E-03 0.12506082E-02 0.15221503E-02 0.22133053E-02
 0.13911800E-03 0.80956940E-03 0.26186699E-02 0.72776650E-02 0.88578499E-02 0.12879888E-01
 0.44999738E-03 0.26186699E-02 0.84704686E-02 0.23540666E-01 0.28652003E-01 0.41661872E-01
 0.12506082E-02 0.72776650E-02 0.23540666E-01 0.65422937E-01 0.79628089E-01 0.11578441    
 0.15221503E-02 0.88578499E-02 0.28652003E-01 0.79628089E-01 0.96917576E-01 0.14092444    
 0.22133053E-02 0.12879888E-01 0.41661872E-01 0.11578441     0.14092444     0.20491329    

 Coulomb  matrix:
 0.91990422     0.56251283     0.25789315     0.12144036     0.60689687E-01 0.31387039E-01
 0.56251283     0.88515706     0.65070446     0.36487614     0.19425600     0.10297593    
 0.25789315     0.65070446     0.81158805     0.63183896     0.39198636     0.22209287    
 0.12144036     0.36487614     0.63183896     0.69807601     0.55146348     0.35630326    
 0.60689687E-01 0.19425600     0.39198636     0.55146348     0.56123060     0.43906111    
 0.31387039E-01 0.10297593     0.22209287     0.35630326     0.43906111     0.42249509    

 Exact exchange  matrix:
 0.69497125E-01 0.11380518     0.12774809     0.11943859     0.97705763E-01 0.70910620E-01
 0.11380518     0.24702924     0.31934395     0.31609494     0.26483018     0.19433026    
 0.12774809     0.31934395     0.47615629     0.51461385     0.45084444     0.33828324    
 0.11943859     0.31609494     0.51461385     0.60342091     0.55816586     0.43209923    
 0.97705763E-01 0.26483018     0.45084444     0.55816586     0.54099161     0.43239040    
 0.70910620E-01 0.19433026     0.33828324     0.43209923     0.43239040     0.35446268    
 Calculated number of electrons:
  0.99999998648214927     

 Exchange-correlation potential matrix:
-0.58336671    -0.34999842    -0.15968343    -0.75090591E-01-0.37509424E-01-0.19395526E-01
-0.34999842    -0.52003877    -0.37200877    -0.20649102    -0.10952727    -0.57976821E-01
-0.15968343    -0.37200877    -0.43765806    -0.33002922    -0.20179755    -0.11361766    
-0.75090591E-01-0.20649102    -0.33002922    -0.34307332    -0.26083074    -0.16507692    
-0.37509424E-01-0.10952727    -0.20179755    -0.26083074    -0.24692271    -0.18318940    
-0.19395526E-01-0.57976821E-01-0.11361766    -0.16507692    -0.18318940    -0.15884007    

 Fock matrix F:
  44.238834      5.9331374    -0.37344438    -0.62288398    -0.39311418    -0.22258444    
  5.9331374      6.1305457      1.0536862    -0.42280601    -0.46101669    -0.30357547    
-0.37344438      1.0536862     0.94344251    -0.44080234E-01-0.37819883    -0.32679356    
-0.62288398    -0.42280601    -0.44080234E-01-0.33681286E-01-0.23164048    -0.27781731    
-0.39311418    -0.46101669    -0.37819883    -0.23164048    -0.18135328    -0.19501932    
-0.22258444    -0.30357547    -0.32679356    -0.27781731    -0.19501932    -0.13999207    

 Transformed Fock matrix F':
  61.621897     -20.991392      5.3505182     -3.4185074      1.3343984    -0.43756731    
 -20.991392      19.936337     -7.9446179      2.3087569     -1.3106412     0.28094359    
  5.3505182     -7.9446179      6.8273490     -3.0246028     0.65212580    -0.30070528    
 -3.4185074      2.3087569     -3.0246028      2.4997128     -1.0686160     0.40895999E-01
  1.3343984     -1.3106412     0.65212580     -1.0686160     0.74821895    -0.26238349    
-0.43756731     0.28094359    -0.30070528     0.40895999E-01-0.26238349     0.71980055E-01

 Orbitals energies:
              1-0.26067565    
              2 0.23030532    
              3  1.1763885    
              4  4.0929583    
              5  14.774992    
              6  71.691526    

 Transformed coefficients C':
 0.34817440E-01-0.25388217E-01-0.56759920E-01 0.92085807E-01 0.40064293     0.90880523    
 0.12329550    -0.10296892    -0.17675710     0.50797999     0.72911377    -0.39153799    
 0.28195150    -0.21986009    -0.51398820     0.56111840    -0.52649782     0.12620303    
 0.46392076    -0.41167540    -0.43625434    -0.62842998     0.16117121    -0.63895565E-01
 0.57813076    -0.36262575     0.71164793     0.15043009    -0.67039375E-01 0.26478721E-01
 0.59550958     0.79965012    -0.67755042E-01-0.32698990E-01 0.14421097E-01-0.77517123E-02

 New coefficients C=XC':
 0.48892540E-02-0.52831501E-02-0.11054444E-02 0.33535352E-01-0.67795806E-01  1.3947843    
 0.28469514E-01-0.33963585E-02-0.10073219    -0.15720305      1.9352383     -1.4797700    
 0.92388089E-01-0.18611295     0.25030652      2.4858200     -2.7476648      1.2234032    
 0.25688371     0.28592311     -2.6980264     -3.8278709      2.2892346    -0.91955266    
 0.30359818     -2.0378935      3.7875061      2.7102454     -1.3542085     0.54591020    
 0.45972221      2.0604277     -1.6390593    -0.90301838     0.43845107    -0.17975269    

 Kinetic energy:
  0.43319028843281226     

 Nuclear-elctron potential energy:
 -0.92998071703983942     

 ===> One-electron energy:
 -0.49679042860702716     

 Coulomb energy:
  0.28743879640393089     

 Exchange-correlation energy
 -0.19636397508720069     

 HF exact exchange energy:
  0.28743879640393089     

 ===> Two-electron energy:
   9.1074821316730198E-002

 ===> Total energy:
 -0.42848431261947956     

 :::::::::::::::: Step number           3 ::::::::::::::::

 Density matrix guess:
 0.23904804E-04 0.13919468E-03 0.45170883E-03 0.12559697E-02 0.14843686E-02 0.22476986E-02
 0.13919468E-03 0.81051323E-03 0.26302440E-02 0.73133543E-02 0.86432926E-02 0.13088068E-01
 0.45170883E-03 0.26302440E-02 0.85355590E-02 0.23732995E-01 0.28048856E-01 0.42472856E-01
 0.12559697E-02 0.73133543E-02 0.23732995E-01 0.65989239E-01 0.77989426E-01 0.11809515    
 0.14843686E-02 0.86432926E-02 0.28048856E-01 0.77989426E-01 0.92171854E-01 0.13957083    
 0.22476986E-02 0.13088068E-01 0.42472856E-01 0.11809515     0.13957083     0.21134451    

 Coulomb  matrix:
 0.91863864     0.56173434     0.25753563     0.12127193     0.60605497E-01 0.31343496E-01
 0.56173434     0.88390226     0.64976981     0.36434953     0.19397516     0.10282696    
 0.25753563     0.64976981     0.81039513     0.63090668     0.39140887     0.22176614    
 0.12127193     0.36434953     0.63090668     0.69706990     0.55069904     0.35582318    
 0.60605497E-01 0.19397516     0.39140887     0.55069904     0.56053914     0.43857684    
 0.31343496E-01 0.10282696     0.22176614     0.35582318     0.43857684     0.42212736    

 Exact exchange  matrix:
 0.69482731E-01 0.11375387     0.12763620     0.11929384     0.97606597E-01 0.70892073E-01
 0.11375387     0.24683924     0.31894648     0.31559459     0.26446908     0.19421655    
 0.12763620     0.31894648     0.47529536     0.51349345     0.44997520     0.33790939    
 0.11929384     0.31559459     0.51349345     0.60188660     0.55692640     0.43153348    
 0.97606597E-01 0.26446908     0.44997520     0.55692640     0.54004667     0.43210142    
 0.70892073E-01 0.19421655     0.33790939     0.43153348     0.43210142     0.35467740    
 Calculated number of electrons:
  0.99999998648212218     

 Exchange-correlation potential matrix:
-0.58333745    -0.34997347    -0.15967102    -0.75084611E-01-0.37506413E-01-0.19393965E-01
-0.34997347    -0.51994512    -0.37191231    -0.20643043    -0.10949370    -0.57958755E-01
-0.15967102    -0.37191231    -0.43744632    -0.32982372    -0.20165957    -0.11353708    
-0.75084611E-01-0.20643043    -0.32982372    -0.34278447    -0.26059685    -0.16493020    
-0.37506413E-01-0.10949370    -0.20165957    -0.26059685    -0.24673770    -0.18310580    
-0.19393965E-01-0.57958755E-01-0.11353708    -0.16493020    -0.18310580    -0.15889346    

 Fock matrix F:
  44.237594      5.9323905    -0.37376462    -0.62301175    -0.39317132    -0.22262217    
  5.9323905      6.1294087      1.0529233    -0.42316210    -0.46118209    -0.30368247    
-0.37376462      1.0529233     0.94262363    -0.44578296E-01-0.37845552    -0.32696640    
-0.62301175    -0.42316210    -0.44578296E-01-0.34087188E-01-0.23191965    -0.27804592    
-0.39317132    -0.46118209    -0.37845552    -0.23191965    -0.18166974    -0.19536863    
-0.22262217    -0.30368247    -0.32696640    -0.27804592    -0.19536863    -0.14045352    

 Transformed Fock matrix F':
  61.620657     -20.991410      5.3505177     -3.4184988      1.3343990    -0.43757303    
 -20.991410      19.935190     -7.9446683      2.3087520     -1.3106250     0.28091759    
  5.3505177     -7.9446683      6.8264904     -3.0246072     0.65211830    -0.30075560    
 -3.4184988      2.3087520     -3.0246072      2.4993585     -1.0685107     0.40879720E-01
  1.3343990     -1.3106250     0.65211830     -1.0685107     0.74801785    -0.26244552    
-0.43757303     0.28091759    -0.30075560     0.40879720E-01-0.26244552     0.71491638E-01

 Orbitals energies:
              1-0.26110094    
              2 0.22994903    
              3  1.1758755    
              4  4.0921954    
              5  14.773960    
              6  71.690327    

 Transformed coefficients C':
 0.34822451E-01-0.25407041E-01-0.56759277E-01 0.92086089E-01 0.40064256     0.90880469    
 0.12331423    -0.10303591    -0.17676467     0.50797261     0.72910401    -0.39153879    
 0.28198619    -0.22001211    -0.51396159     0.56105559    -0.52650840     0.12620408    
 0.46385182    -0.41183145    -0.43609408    -0.62848734     0.16118075    -0.63896221E-01
 0.57796370    -0.36266462     0.71175998     0.15044727    -0.67041422E-01 0.26478936E-01
 0.59570483     0.79950109    -0.67792351E-01-0.32708988E-01 0.14422195E-01-0.77518222E-02

 New coefficients C=XC':
 0.48895998E-02-0.52851462E-02-0.11064937E-02 0.33532955E-01-0.67794341E-01  1.3947844    
 0.28475164E-01-0.34156052E-02-0.10071974    -0.15717722      1.9352386     -1.4797730    
 0.92415137E-01-0.18615596     0.25017057      2.4857815     -2.7477057      1.2234087    
 0.25712688     0.28557006     -2.6977648     -3.8280274      2.2892955    -0.91955850    
 0.30276221     -2.0374923      3.7876402      2.7104312     -1.3542510     0.54591411    
 0.46037248      2.0601085     -1.6392302    -0.90309750     0.43846594    -0.17975409    

 Kinetic energy:
  0.43211855610287153     

 Nuclear-elctron potential energy:
 -0.92871410916409491     

 ===> One-electron energy:
 -0.49659555306122344     

 Coulomb energy:
  0.28672389642256318     

 Exchange-correlation energy
 -0.19591490379773865     

 HF exact exchange energy:
  0.28672389642256324     

 ===> Two-electron energy:
   9.0808992624824530E-002

 ===> Total energy:
 -0.42848880859260507     

 ******************
 End of  SCF cycle
 ******************
