
 Overlap matrix S:
  1.0000000     0.61356353     0.27530502    
 0.61356353      1.0000000     0.74097665    
 0.27530502     0.74097665      1.0000000    

 Nuclear matrix N:
 -2.9533589     -1.3931481    -0.58893128    
 -1.3931481     -1.2604694    -0.74444553    
-0.58893128    -0.74444553    -0.65573372    

 Kinect energy matrix:
  5.1378761     0.97147644     0.13290820    
 0.97147644     0.93587055     0.29540546    
 0.13290820     0.29540546     0.25328309    

 Transformation matrix X=S^(-1/2):
  1.2310221    -0.52779732     0.12988788    
-0.52779732      1.7089749    -0.71560826    
 0.12988788    -0.71560826      1.4053220    

 XtSX:
  1.0000000     0.18041124E-15 0.19428903E-15
 0.40245585E-15  1.0000000      0.0000000    
 0.23592239E-15-0.11102230E-15  1.0000000    

 Initial Fock matrix F = Hcore:
  2.1845172    -0.42167169    -0.45602308    
-0.42167169    -0.32459885    -0.44904006    
-0.45602308    -0.44904006    -0.40245063    

 Transformed Fock matrix F':
  3.6769194     -1.9300155     0.13179949    
 -1.9300155     0.96895208    -0.52868625    
 0.13179949    -0.52868625    -0.10911125    

 Orbitals energies:
              1-0.49574078    
              2 0.32474440    
              3  4.7077566    

 Transformed coefficients C':
 0.25917594     0.39426215     0.88169450    
 0.61139255     0.63972384    -0.46578167    
 0.74768107    -0.65978085     0.75247912E-01

 New coefficients C=XC':
 0.93474678E-01 0.62003356E-01  1.3409975    
 0.37301543      1.3573261     -1.3152132    
 0.64687893     -1.3337863     0.55358619    
 ******************
 Entering SCF cycle
 ******************

 :::::::::::::::: Step number           1 ::::::::::::::::

 Density matrix guess:
 0.87375154E-02 0.34867498E-01 0.60466800E-01
 0.34867498E-01 0.13914051     0.24129583    
 0.60466800E-01 0.24129583     0.41845235    

 Coulomb  matrix:
 0.92224433     0.54101654     0.23972212    
 0.54101654     0.74181461     0.49721945    
 0.23972212     0.49721945     0.52474862    

 Exact exchange  matrix:
 0.41194624     0.47430676     0.35192817    
 0.47430676     0.67111926     0.54762476    
 0.35192817     0.54762476     0.47946908    
 Calculated number of electrons:
  0.99893972160896738     

 Exchange-correlation potential matrix:
-0.50550308    -0.28649145    -0.12585034    
-0.28649145    -0.35637802    -0.22759762    
-0.12585034    -0.22759762    -0.21100081    

 Fock matrix F:
  2.6012585    -0.16714661    -0.34215130    
-0.16714661     0.60837742E-01-0.17941824    
-0.34215130    -0.17941824    -0.88702819E-01

 Transformed Fock matrix F':
  4.0898220     -1.9176739     0.13348536    
 -1.9176739      1.3388037    -0.50095399    
 0.13348536    -0.50095399     0.16688930    

 Orbitals energies:
              1-0.14979087    
              2 0.64636931    
              3  5.0989365    

 Transformed coefficients C':
 0.22968425     0.40552268     0.88475787    
 0.56304763     0.68613212    -0.46065180    
 0.79386555    -0.60396529     0.70734842E-01

 New coefficients C=XC':
 0.88684881E-01 0.58620922E-01  1.3414749    
 0.27291082      1.3907514     -1.3048337    
 0.74254841     -1.2870951     0.54397079    

 Kinetic energy:
  0.50747586739088879     

 Nuclear-elctron potential energy:
  -1.0032166485252678     

 ===> One-electron energy:
 -0.49574078113437908     

 Coulomb energy:
  0.31876454138207011     

 Exchange-correlation energy
 -0.21696493828976041     

 HF exact exchange energy:
  0.31876454138207011     

 ===> Two-electron energy:
  0.10179960309230970     

 ===> Total energy:
 -0.39394117804206941     

 :::::::::::::::: Step number           2 ::::::::::::::::

 Density matrix guess:
 0.78650080E-02 0.24203063E-01 0.65852817E-01
 0.24203063E-01 0.74480314E-01 0.20264949    
 0.65852817E-01 0.20264949     0.55137814    

 Coulomb  matrix:
 0.85765981     0.50536825     0.22420413    
 0.50536825     0.70430127     0.47598972    
 0.22420413     0.47598972     0.51037539    

 Exact exchange  matrix:
 0.34753385     0.41298689     0.31908324    
 0.41298689     0.60989093     0.52172200    
 0.31908324     0.52172200     0.48223557    
 Calculated number of electrons:
  0.99895991132397988     

 Exchange-correlation potential matrix:
-0.47679308    -0.27086427    -0.11908852    
-0.27086427    -0.34277729    -0.22172849    
-0.11908852    -0.22172849    -0.21189809    

 Fock matrix F:
  2.5653839    -0.18716772    -0.35090746    
-0.18716772     0.36925128E-01-0.19477883    
-0.35090746    -0.19477883    -0.10397332    

 Transformed Fock matrix F':
  4.0538608     -1.9199717     0.13246520    
 -1.9199717      1.3182252    -0.50334817    
 0.13246520    -0.50334817     0.15530071    

 Orbitals energies:
              1-0.16869130    
              2 0.62780148    
              3  5.0682766    

 Transformed coefficients C':
 0.23399543     0.40481162     0.88395344    
 0.56901095     0.68019611    -0.46212530    
 0.78833539    -0.61111439     0.71179465E-01

 New coefficients C=XC':
 0.90126306E-01 0.59950016E-01  1.3413201    
 0.28478398      1.3860981     -1.3072454    
 0.73106932     -1.2929863     0.54554559    

 Kinetic energy:
  0.43402583196037237     

 Nuclear-elctron potential energy:
 -0.92539107328320824     

 ===> One-electron energy:
 -0.49136524132283588     

 Coulomb energy:
  0.29376096567852295     

 Exchange-correlation energy
 -0.19993481282661138     

 HF exact exchange energy:
  0.29376096567852295     

 ===> Two-electron energy:
   9.3826152851911565E-002

 ===> Total energy:
 -0.39753908847092434     

 :::::::::::::::: Step number           3 ::::::::::::::::

 Density matrix guess:
 0.81227510E-02 0.25666528E-01 0.65888577E-01
 0.25666528E-01 0.81101915E-01 0.20819683    
 0.65888577E-01 0.20819683     0.53446235    

 Coulomb  matrix:
 0.86613206     0.51001387     0.22622325    
 0.51001387     0.70912073     0.47870664    
 0.22622325     0.47870664     0.51220691    

 Exact exchange  matrix:
 0.35631979     0.42120229     0.32366901    
 0.42120229     0.61781813     0.52522176    
 0.32366901     0.52522176     0.48207408    
 Calculated number of electrons:
  0.99899181778712121     

 Exchange-correlation potential matrix:
-0.48100045    -0.27308460    -0.12004224    
-0.27308460    -0.34459561    -0.22251082    
-0.12004224    -0.22251082    -0.21182795    

 Fock matrix F:
  2.5696488    -0.18474243    -0.34984207    
-0.18474243     0.39926268E-01-0.19284424    
-0.34984207    -0.19284424    -0.10207167    

 Transformed Fock matrix F':
  4.0581159     -1.9197000     0.13257133    
 -1.9197000      1.3208500    -0.50302119    
 0.13257133    -0.50302119     0.15671217    

 Orbitals energies:
              1-0.16632755    
              2 0.63006647    
              3  5.0719391    

 Transformed coefficients C':
 0.23346679     0.40492334     0.88404205    
 0.56825095     0.68094010    -0.46196475    
 0.78904000    -0.61021116     0.71121169E-01

 New coefficients C=XC':
 0.89968191E-01 0.59812184E-01  1.3413368    
 0.28325995      1.3866643     -1.3069761    
 0.73253473     -1.2922349     0.54536029    

 Kinetic energy:
  0.44339293887817166     

 Nuclear-elctron potential energy:
 -0.93578550367802560     

 ===> One-electron energy:
 -0.49239256479985388     

 Coulomb energy:
  0.29681188622274146     

 Exchange-correlation energy
 -0.20203331540583769     

 HF exact exchange energy:
  0.29681188622274146     

 ===> Two-electron energy:
   9.4778570816903773E-002

 ===> Total energy:
 -0.39761399398295011     

 :::::::::::::::: Step number           4 ::::::::::::::::

 Density matrix guess:
 0.80942754E-02 0.25484385E-01 0.65904824E-01
 0.25484385E-01 0.80236197E-01 0.20749775    
 0.65904824E-01 0.20749775     0.53660712    

 Coulomb  matrix:
 0.86506969     0.50943042     0.22596957    
 0.50943042     0.70851323     0.47836379    
 0.22596957     0.47836379     0.51197545    

 Exact exchange  matrix:
 0.35522838     0.42017680     0.32310008    
 0.42017680     0.61681921     0.52478238    
 0.32310008     0.52478238     0.48209675    
 Calculated number of electrons:
  0.99898777233248603     

 Exchange-correlation potential matrix:
-0.48048411    -0.27281028    -0.11992421    
-0.27281028    -0.34436764    -0.22241245    
-0.11992421    -0.22241245    -0.21183730    

 Fock matrix F:
  2.5691028    -0.18505155    -0.34997772    
-0.18505155     0.39546743E-01-0.19308872    
-0.34997772    -0.19308872    -0.10231248    

 Transformed Fock matrix F':
  4.0575705     -1.9197348     0.13255732    
 -1.9197348      1.3205193    -0.50306194    
 0.13255732    -0.50306194     0.15653270    

 Orbitals energies:
              1-0.16662676    
              2 0.62977851    
              3  5.0714707    

 Transformed coefficients C':
 0.23353404     0.40490980     0.88403049    
 0.56834679     0.68084587    -0.46198575    
 0.78895106    -0.61032529     0.71128499E-01

 New coefficients C=XC':
 0.89988838E-01 0.59830431E-01  1.3413346    
 0.28345189      1.3865920     -1.3070111    
 0.73234989     -1.2923296     0.54538411    

 Kinetic energy:
  0.44221706590337928     

 Nuclear-elctron potential energy:
 -0.93448736454711923     

 ===> One-electron energy:
 -0.49227029864373995     

 Coulomb energy:
  0.29642450953487742     

 Exchange-correlation energy
 -0.20176736642674861     

 HF exact exchange energy:
  0.29642450953487742     

 ===> Two-electron energy:
   9.4657143108128811E-002

 ===> Total energy:
 -0.39761315553561116     

 ******************
 End of  SCF cycle
 ******************
