
 Overlap matrix S:
  1.0000000     0.61565089     0.28282059     0.13325672     0.66607913E-01 0.34450332E-01
 0.61565089      1.0000000     0.75152600     0.42543220     0.22732114     0.12067880    
 0.28282059     0.75152600      1.0000000     0.81497831     0.51741618     0.29623148    
 0.13325672     0.42543220     0.81497831      1.0000000     0.85056276     0.57260191    
 0.66607913E-01 0.22732114     0.51741618     0.85056276      1.0000000     0.86679856    
 0.34450332E-01 0.12067880     0.29623148     0.57260191     0.86679856      1.0000000    

 Nuclear matrix N:
 -9.5110006     -4.5040389     -1.9502236    -0.90405188    -0.44948775    -0.23201482    
 -4.5040389     -4.0725401     -2.4482700     -1.2826468    -0.66672506    -0.35018189    
 -1.9502236     -2.4482700     -2.1540772     -1.4388499    -0.83903132    -0.46343815    
-0.90405188     -1.2826468     -1.4388499     -1.2625299    -0.89470382    -0.55054952    
-0.44948775    -0.66672506    -0.83903132    -0.89470382    -0.78675905    -0.57298072    
-0.23201482    -0.35018189    -0.46343815    -0.55054952    -0.57298072    -0.50491007    

 Kinect energy matrix:
  53.284829      10.165614      1.4705857     0.24590512     0.48242391E-01 0.10317641E-01
  10.165614      9.7697151      3.2100944     0.72885669     0.15980536     0.35695668E-01
  1.4705857      3.2100944      2.7332142      1.1391061     0.33290540     0.84335766E-01
 0.24590512     0.72885669      1.1391061     0.93893286     0.44676438     0.14826144    
 0.48242391E-01 0.15980536     0.33290540     0.44676438     0.36461510     0.18438995    
 0.10317641E-01 0.35695668E-01 0.84335766E-01 0.14826144     0.18438995     0.15016864    

 Transformation matrix X=S^(-1/2):
  1.2438805    -0.57716438     0.23364592    -0.11619646     0.50477565E-01-0.14124403E-01
-0.57716438      1.9322041     -1.2333108     0.56379720    -0.24656280     0.65582474E-01
 0.23364592     -1.2333108      2.9341892     -2.0728967     0.88956987    -0.24115839    
-0.11619646     0.56379720     -2.0728967      4.0117548     -2.6288600     0.72972894    
 0.50477565E-01-0.24656280     0.88956987     -2.6288600      4.1228257     -1.8178120    
-0.14124403E-01 0.65582474E-01-0.24115839     0.72972894     -1.8178120      2.0696888    

 XtSX:
  1.0000000    -0.11037178E-15-0.38879490E-15 0.81358531E-15-0.36776138E-15 0.39551695E-15
 0.34369209E-15  1.0000000     0.15265567E-14-0.12732870E-14 0.12212453E-14-0.55511151E-15
-0.37838656E-15 0.13314003E-14  1.0000000    -0.29212743E-14 0.29698466E-14-0.12212453E-14
 0.57592819E-15-0.30357661E-15-0.35943470E-14  1.0000000    -0.44408921E-14 0.22759572E-14
-0.30878078E-15 0.95756736E-15 0.26506575E-14-0.26645353E-14  1.0000000    -0.15543122E-14
 0.28969882E-15-0.67307271E-15-0.13600232E-14 0.16653345E-14-0.19984014E-14  1.0000000    

 Initial Fock matrix F = Hcore:
  43.773829      5.6615747    -0.47963794    -0.65814676    -0.40124536    -0.22169718    
  5.6615747      5.6971751     0.76182434    -0.55379015    -0.50691970    -0.31448622    
-0.47963794     0.76182434     0.57913708    -0.29974382    -0.50612591    -0.37910238    
-0.65814676    -0.55379015    -0.29974382    -0.32359708    -0.44793944    -0.40228808    
-0.40124536    -0.50691970    -0.50612591    -0.44793944    -0.42214394    -0.38859077    
-0.22169718    -0.31448622    -0.37910238    -0.40228808    -0.38859077    -0.35474144    

 Transformed Fock matrix F':
  61.148198     -20.983498      5.3589499     -3.4138154      1.3381468    -0.43522992    
 -20.983498      19.466722     -7.9304183      2.3253921     -1.2978043     0.28852275    
  5.3589499     -7.9304183      6.4085244     -3.0077645     0.67332918    -0.28457409    
 -3.4138154      2.3253921     -3.0077645      2.1672587     -1.0604464     0.58935760E-01
  1.3381468     -1.2978043     0.67332918     -1.0604464     0.49815502    -0.26965643    
-0.43522992     0.28852275    -0.28457409     0.58935760E-01-0.26965643    -0.13195664    

 Orbitals energies:
              1-0.49985965    
              2-0.17139604E-01
              3 0.85346194    
              4  3.6901921    
              5  14.315207    
              6  71.215041    

 Transformed coefficients C':
 0.37526216E-01-0.25634092E-01-0.55962687E-01 0.91950216E-01 0.40052250     0.90880677    
 0.13385076    -0.10257061    -0.17693590     0.50692034     0.72804290    -0.39146168    
 0.30708216    -0.22496913    -0.50738495     0.55109171    -0.52724476     0.12633626    
 0.50181422    -0.39689078    -0.39574615    -0.63502370     0.16336977    -0.64034340E-01
 0.59337093    -0.27520192     0.73511859     0.16257221    -0.68114644E-01 0.26573957E-01
 0.53147881     0.83961459    -0.10539464    -0.34496853E-01 0.14796927E-01-0.77841717E-02

 New coefficients C=XC':
 0.53088018E-02-0.48820383E-02-0.14582885E-02 0.33040053E-01-0.67817109E-01  1.3947946    
 0.29714377E-01-0.67827663E-02-0.95098766E-01-0.15363544      1.9356892     -1.4798917    
 0.10419071    -0.16416768     0.21607511      2.4825779     -2.7541684      1.2240806    
 0.27565660     0.15541723     -2.6385666     -3.8673525      2.3021142    -0.92061677    
 0.40309973     -1.7936303      3.8521613      2.7722424     -1.3655110     0.54682644    
 0.32174014      1.9962720     -1.7316822    -0.93127268     0.44289951    -0.18012141    
 ******************
 Entering SCF cycle
 ******************

 :::::::::::::::: Step number           1 ::::::::::::::::

 Density matrix guess:
 0.28183376E-04 0.15774774E-03 0.55312780E-03 0.14634062E-02 0.21399765E-02 0.17080546E-02
 0.15774774E-03 0.88294419E-03 0.30959619E-02 0.81909640E-02 0.11977857E-01 0.95603077E-02
 0.55312780E-03 0.30959619E-02 0.10855703E-01 0.28720855E-01 0.41999245E-01 0.33522332E-01
 0.14634062E-02 0.81909640E-02 0.28720855E-01 0.75986559E-01 0.11111710     0.88689791E-01
 0.21399765E-02 0.11977857E-01 0.41999245E-01 0.11111710     0.16248939     0.12969336    
 0.17080546E-02 0.95603077E-02 0.33522332E-01 0.88689791E-01 0.12969336     0.10351672    

 Coulomb  matrix:
 0.98873338     0.60429258     0.27700591     0.13043467     0.65183620E-01 0.33710990E-01
 0.60429258     0.94861060     0.69617220     0.39008693     0.20761987     0.11004790    
 0.27700591     0.69617220     0.86400221     0.67032653     0.41515134     0.23503744    
 0.13043467     0.39008693     0.67032653     0.73498986     0.57771006     0.37226655    
 0.65183620E-01 0.20761987     0.41515134     0.57771006     0.58271061     0.45332490    
 0.33710990E-01 0.11004790     0.23503744     0.37226655     0.45332490     0.43260713    

 Exact exchange  matrix:
 0.80288787E-01 0.13127501     0.14648427     0.13516240     0.10826714     0.76624915E-01
 0.13127501     0.28434828     0.36511555     0.35646222     0.29231229     0.20910829    
 0.14648427     0.36511555     0.53970293     0.57419601     0.49165635     0.35929577    
 0.13516240     0.35646222     0.57419601     0.66066701     0.59541788     0.44791614    
 0.10826714     0.29231229     0.49165635     0.59541788     0.55995804     0.43335183    
 0.76624915E-01 0.20910829     0.35929577     0.44791614     0.43335183     0.34272072    
 Calculated number of electrons:
  0.99830340141921103     

 Exchange-correlation potential matrix:
 -1.1618920    -0.69701767    -0.31799824    -0.14953630    -0.74696499E-01-0.38624329E-01
-0.69701767     -1.0350559    -0.73996393    -0.41059814    -0.21776103    -0.11526267    
-0.31799824    -0.73996393    -0.86814037    -0.65297582    -0.39869322    -0.22432410    
-0.14953630    -0.41059814    -0.65297582    -0.67394036    -0.50931238    -0.32115657    
-0.74696499E-01-0.21776103    -0.39869322    -0.50931238    -0.47550372    -0.34877249    
-0.38624329E-01-0.11526267    -0.22432410    -0.32115657    -0.34877249    -0.29542619    

 Fock matrix F:
  43.871071      5.7102853    -0.47775177    -0.67365491    -0.41915090    -0.23611066    
  5.7102853      5.7984067     0.81174470    -0.56076739    -0.53569868    -0.34316239    
-0.47775177     0.81174470     0.65710828    -0.26269815    -0.51290858    -0.40213196    
-0.67365491    -0.56076739    -0.26269815    -0.25922925    -0.40106814    -0.38286799    
-0.41915090    -0.53569868    -0.51290858    -0.40106814    -0.33605064    -0.30518319    
-0.23611066    -0.34316239    -0.40213196    -0.38286799    -0.30518319    -0.22938413    

 Transformed Fock matrix F':
  61.255829     -21.001060      5.3453368     -3.4189440      1.3325938    -0.43768750    
 -21.001060      19.622836     -7.9644101      2.2975071     -1.3127075     0.27870567    
  5.3453368     -7.9644101      6.5812444     -3.0545017     0.63784448    -0.30443735    
 -3.4189440      2.2975071     -3.0545017      2.3320866     -1.1024356     0.29576633E-01
  1.3325938     -1.3127075     0.63784448     -1.1024356     0.65970531    -0.28911622    
-0.43768750     0.27870567    -0.30443735     0.29576633E-01-0.28911622     0.36481502E-01

 Orbitals energies:
              1-0.43471774    
              2 0.16221798    
              3  1.0418181    
              4  3.8838060    
              5  14.490997    
              6  71.344061    

 Transformed coefficients C':
 0.40684731E-01-0.24758206E-01-0.56128058E-01 0.92495448E-01 0.40067378     0.90856290    
 0.14536670    -0.99638468E-01-0.17727078     0.50661146     0.72610417    -0.39196087    
 0.32984227    -0.21504829    -0.50199281     0.54443539    -0.52966582     0.12651384    
 0.52389711    -0.37266990    -0.38040420    -0.64109386     0.16380785    -0.64087856E-01
 0.59099082    -0.24540136     0.74762405     0.16193238    -0.68100302E-01 0.26581191E-01
 0.49465041     0.86261739    -0.98888052E-01-0.34001228E-01 0.14720887E-01-0.77832460E-02

 New coefficients C=XC':
 0.57429106E-02-0.48019286E-02-0.14541944E-02 0.33007341E-01-0.67124747E-01  1.3948275    
 0.32694094E-01-0.60417373E-02-0.96307475E-01-0.14956970      1.9350802     -1.4809663    
 0.11849704    -0.16771468     0.21002412      2.4754495     -2.7597229      1.2252774    
 0.30257629     0.17201626     -2.6164924     -3.8761005      2.3076865    -0.92147100    
 0.41974794     -1.7681093      3.8564304      2.7788435     -1.3681334     0.54726401    
 0.26117977      2.0051710     -1.7310727    -0.93193610     0.44349032    -0.18024381    

 Kinetic energy:
  0.50052234986325683     

 Nuclear-elctron potential energy:
  -1.0003819954687683     

 ===> One-electron energy:
 -0.49985964560551133     

 Coulomb energy:
  0.31287652718695907     

 Exchange-correlation energy
 -0.26813722356200487     

 HF exact exchange energy:
  0.31287652718695913     

 ===> Two-electron energy:
   4.4739303624954208E-002

 ===> Total energy:
 -0.46630516788679566     

 :::::::::::::::: Step number           2 ::::::::::::::::

 Density matrix guess:
 0.32981022E-04 0.18775926E-03 0.68051789E-03 0.17376685E-02 0.24105749E-02 0.14999321E-02
 0.18775926E-03 0.10689038E-02 0.38741533E-02 0.98924575E-02 0.13723279E-01 0.85390360E-02
 0.68051789E-03 0.38741533E-02 0.14041548E-01 0.35854394E-01 0.49738888E-01 0.30949030E-01
 0.17376685E-02 0.98924575E-02 0.35854394E-01 0.91552408E-01 0.12700577     0.79026805E-01
 0.24105749E-02 0.13723279E-01 0.49738888E-01 0.12700577     0.17618833     0.10962967    
 0.14999321E-02 0.85390360E-02 0.30949030E-01 0.79026805E-01 0.10962967     0.68214874E-01

 Coulomb  matrix:
  1.0443926     0.63791043     0.29236261     0.13765834     0.68792359E-01 0.35577080E-01
 0.63791043     0.99855129     0.73144605     0.40952887     0.21790250     0.11548446    
 0.29236261     0.73144605     0.90312753     0.69835764     0.43182619     0.24430749    
 0.13765834     0.40952887     0.69835764     0.76056577     0.59534836     0.38282926    
 0.68792359E-01 0.21790250     0.43182619     0.59534836     0.59643871     0.46217961    
 0.35577080E-01 0.11548446     0.24430749     0.38282926     0.46217961     0.43863607    

 Exact exchange  matrix:
 0.91980183E-01 0.14946988     0.16498324     0.14992331     0.11801262     0.82141288E-01
 0.14946988     0.32121458     0.40747098     0.39158292     0.31549687     0.22194389    
 0.16498324     0.40747098     0.59356284     0.62040372     0.52138461     0.37449040    
 0.14992331     0.39158292     0.62040372     0.69938535     0.61728868     0.45579025    
 0.11801262     0.31549687     0.52138461     0.61728868     0.56711914     0.42995037    
 0.82141288E-01 0.22194389     0.37449040     0.45579025     0.42995037     0.33249305    
 Calculated number of electrons:
  0.99831180818779497     

 Exchange-correlation potential matrix:
 -1.2164174    -0.72927965    -0.33265748    -0.15642151    -0.78134444E-01-0.40401768E-01
-0.72927965     -1.0799496    -0.77058735    -0.42724188    -0.22651736    -0.11988257    
-0.33265748    -0.77058735    -0.89910082    -0.67367803    -0.41054705    -0.23079500    
-0.15642151    -0.42724188    -0.67367803    -0.68934431    -0.51785054    -0.32546431    
-0.78134444E-01-0.22651736    -0.41054705    -0.51785054    -0.47792505    -0.34770641    
-0.40401768E-01-0.11988257    -0.23079500    -0.32546431    -0.34770641    -0.29024630    

 Fock matrix F:
  43.882913      5.7151579    -0.47801425    -0.67528537    -0.42055699    -0.23695675    
  5.7151579      5.8054605     0.81346213    -0.56258843    -0.53777943    -0.34439966    
-0.47801425     0.81346213     0.65954828    -0.26174564    -0.51255616    -0.40151375    
-0.67528537    -0.56258843    -0.26174564    -0.25488588    -0.39530116    -0.37750462    
-0.42055699    -0.53777943    -0.51255616    -0.39530116    -0.32592880    -0.29467856    
-0.23695675    -0.34439966    -0.40151375    -0.37750462    -0.29467856    -0.21691336    

 Transformed Fock matrix F':
  61.269178     -21.002499      5.3441314     -3.4196512      1.3322209    -0.43780134    
 -21.002499      19.635120     -7.9677769      2.2950664     -1.3140013     0.27831591    
  5.3441314     -7.9677769      6.5900008     -3.0584606     0.63584509    -0.30493776    
 -3.4196512      2.2950664     -3.0584606      2.3399919     -1.1032129     0.29899719E-01
  1.3322209     -1.3140013     0.63584509     -1.1032129     0.67016145    -0.28605223    
-0.43780134     0.27831591    -0.30493776     0.29899719E-01-0.28605223     0.46981726E-01

 Orbitals energies:
              1-0.42704128    
              2 0.16965947    
              3  1.0508123    
              4  3.8951227    
              5  14.504628    
              6  71.358253    

 Transformed coefficients C':
 0.41080479E-01-0.24495845E-01-0.56047628E-01 0.92480363E-01 0.40067632     0.90855758    
 0.14682700    -0.98733654E-01-0.17693232     0.50651279     0.72607786    -0.39197473    
 0.33295163    -0.21276215    -0.50108347     0.54422529    -0.52972129     0.12651095    
 0.52718624    -0.36880925    -0.37905934    -0.64144274     0.16374594    -0.64085096E-01
 0.59058592    -0.24170693     0.74922497     0.16157244    -0.68087262E-01 0.26579041E-01
 0.48906071     0.86599156    -0.97185046E-01-0.34008478E-01 0.14702731E-01-0.77821866E-02

 New coefficients C=XC':
 0.57951601E-02-0.47734269E-02-0.14365476E-02 0.33018911E-01-0.67111255E-01  1.3948277    
 0.33040116E-01-0.57774016E-02-0.96346220E-01-0.14960096      1.9350570     -1.4809843    
 0.12008174    -0.16759130     0.21051933      2.4753559     -2.7597083      1.2252770    
 0.30708886     0.17599503     -2.6157665     -3.8761775      2.3074905    -0.92145472    
 0.42201891     -1.7673367      3.8571291      2.7781266     -1.3679266     0.54724655    
 0.25208736      2.0077602     -1.7296750    -0.93150698     0.44339547    -0.18023584    

 Kinetic energy:
  0.55961758881187984     

 Nuclear-elctron potential energy:
  -1.0577804667671440     

 ===> One-electron energy:
 -0.49816287795526421     

 Coulomb energy:
  0.33146333767150948     

 Exchange-correlation energy
 -0.28402198800107586     

 HF exact exchange energy:
  0.33146333767150948     

 ===> Two-electron energy:
   4.7441349670433619E-002

 ===> Total energy:
 -0.46258186570243898     

 :::::::::::::::: Step number           3 ::::::::::::::::

 Density matrix guess:
 0.33583880E-04 0.19147276E-03 0.69589292E-03 0.17796291E-02 0.24456671E-02 0.14608866E-02
 0.19147276E-03 0.10916493E-02 0.39675148E-02 0.10146252E-01 0.13943554E-01 0.83289955E-02
 0.69589292E-03 0.39675148E-02 0.14419625E-01 0.36875766E-01 0.50676766E-01 0.30271089E-01
 0.17796291E-02 0.10146252E-01 0.36875766E-01 0.94303569E-01 0.12959731     0.77413219E-01
 0.24456671E-02 0.13943554E-01 0.50676766E-01 0.12959731     0.17809996     0.10638563    
 0.14608866E-02 0.83289955E-02 0.30271089E-01 0.77413219E-01 0.10638563     0.63548035E-01

 Coulomb  matrix:
  1.0521601     0.64260580     0.29450796     0.13866757     0.69296550E-01 0.35837801E-01
 0.64260580      1.0055500     0.73639922     0.41226108     0.21934796     0.11624879    
 0.29450796     0.73639922     0.90864712     0.70232160     0.43418655     0.24562020    
 0.13866757     0.41226108     0.70232160     0.76419512     0.59785445     0.38433062    
 0.69296550E-01 0.21934796     0.43418655     0.59785445     0.59839067     0.46343831    
 0.35837801E-01 0.11624879     0.24562020     0.38433062     0.46343831     0.43949216    

 Exact exchange  matrix:
 0.93545691E-01 0.15192604     0.16749738     0.15191978     0.11929846     0.82836317E-01
 0.15192604     0.32624732     0.41330963     0.39641302     0.31861351     0.22359170    
 0.16749738     0.41330963     0.60109735     0.62688223     0.52546792     0.37647246    
 0.15191978     0.39641302     0.62688223     0.70484728     0.62029881     0.45676120    
 0.11929846     0.31861351     0.52546792     0.62029881     0.56800895     0.42931723    
 0.82836317E-01 0.22359170     0.37647246     0.45676120     0.42931723     0.33089950    
 Calculated number of electrons:
  0.99842015481585067     

 Exchange-correlation potential matrix:
 -1.2233371    -0.73338962    -0.33452697    -0.15729985    -0.78573064E-01-0.40628546E-01
-0.73338962     -1.0857563    -0.77458486    -0.42942261    -0.22766624    -0.12048907    
-0.33452697    -0.77458486    -0.90323568    -0.67647841    -0.41215917    -0.23167697    
-0.15729985    -0.42942261    -0.67647841    -0.69146636    -0.51902807    -0.32605461    
-0.78573064E-01-0.22766624    -0.41215917    -0.51902807    -0.47822473    -0.34750546    
-0.40628546E-01-0.12048907    -0.23167697    -0.32605461    -0.34750546    -0.28947040    

 Fock matrix F:
  43.885100      5.7161568    -0.47789955    -0.67543402    -0.42070322    -0.23703987    
  5.7161568      5.8068460     0.81395751    -0.56269929    -0.53797480    -0.34450216    
-0.47789955     0.81395751     0.66008310    -0.26150158    -0.51242572    -0.40135802    
-0.67543402    -0.56269929    -0.26150158    -0.25421355    -0.39443075    -0.37668872    
-0.42070322    -0.53797480    -0.51242572    -0.39443075    -0.32442406    -0.29311086    
-0.23703987    -0.34450216    -0.40135802    -0.37668872    -0.29311086    -0.21507695    

 Transformed Fock matrix F':
  61.271565     -21.002662      5.3439852     -3.4197493      1.3321781    -0.43781105    
 -21.002662      19.637184     -7.9681910      2.2947719     -1.3141595     0.27828141    
  5.3439852     -7.9681910      6.5913331     -3.0590138     0.63558323    -0.30496570    
 -3.4197493      2.2947719     -3.0590138      2.3410752     -1.1033216     0.29906771E-01
  1.3321781     -1.3141595     0.63558323     -1.1033216     0.67163373    -0.28549992    
-0.43781105     0.27828141    -0.30496570     0.29906771E-01-0.28549992     0.48439833E-01

 Orbitals energies:
              1-0.42586497    
              2 0.17066550    
              3  1.0520964    
              4  3.8968300    
              5  14.506808    
              6  71.360696    

 Transformed coefficients C':
 0.41131925E-01-0.24449966E-01-0.56034523E-01 0.92476420E-01 0.40067653     0.90855761    
 0.14701522    -0.98579783E-01-0.17687720     0.50650045     0.72608245    -0.39197522    
 0.33337578    -0.21237707    -0.50096512     0.54422764    -0.52971888     0.12650971    
 0.52767284    -0.36820660    -0.37893338    -0.64146616     0.16373490    -0.64084464E-01
 0.59053102    -0.24125907     0.74942502     0.16151641    -0.68083330E-01 0.26578560E-01
 0.48825175     0.86648610    -0.96851235E-01-0.33989642E-01 0.14698428E-01-0.77818578E-02

 New coefficients C=XC':
 0.58017328E-02-0.47696016E-02-0.14336562E-02 0.33021304E-01-0.67111536E-01  1.3948277    
 0.33085821E-01-0.57197059E-02-0.96349675E-01-0.14962358      1.9350553     -1.4809833    
 0.12024375    -0.16761058     0.21063804      2.4753713     -2.7596794      1.2252721    
 0.30781590     0.17687947     -2.6157593     -3.8761218      2.3074303    -0.92144838    
 0.42231738     -1.7676666      3.8571083      2.7779279     -1.3678725     0.54724132    
 0.25077729      2.0083260     -1.7292810    -0.93138456     0.44337108    -0.18023355    

 Kinetic energy:
  0.56813115793757585     

 Nuclear-elctron potential energy:
  -1.0657795652389641     

 ===> One-electron energy:
 -0.49764840730138826     

 Coulomb energy:
  0.33420265220086842     

 Exchange-correlation energy
 -0.28634645977232265     

 HF exact exchange energy:
  0.33420265220086837     

 ===> Two-electron energy:
   4.7856192428545774E-002

 ===> Total energy:
 -0.46175626297997890     

 :::::::::::::::: Step number           4 ::::::::::::::::

 Density matrix guess:
 0.33660104E-04 0.19195510E-03 0.69762211E-03 0.17858656E-02 0.24501726E-02 0.14549428E-02
 0.19195510E-03 0.10946716E-02 0.39783632E-02 0.10184342E-01 0.13972717E-01 0.82971725E-02
 0.69762211E-03 0.39783632E-02 0.14458559E-01 0.37012938E-01 0.50781026E-01 0.30154401E-01
 0.17858656E-02 0.10184342E-01 0.37012938E-01 0.94750631E-01 0.12999601     0.77193237E-01
 0.24501726E-02 0.13972717E-01 0.50781026E-01 0.12999601     0.17835197     0.10590761    
 0.14549428E-02 0.82971725E-02 0.30154401E-01 0.77193237E-01 0.10590761     0.62889247E-01

 Coulomb  matrix:
  1.0532326     0.64325458     0.29480446     0.13880706     0.69366238E-01 0.35873837E-01
 0.64325458      1.0065203     0.73708744     0.41264104     0.21954905     0.11635513    
 0.29480446     0.73708744     0.90941833     0.70287726     0.43451790     0.24580459    
 0.13880706     0.41264104     0.70287726     0.76470678     0.59820875     0.38454314    
 0.69366238E-01 0.21954905     0.43451790     0.59820875     0.59866763     0.46361720    
 0.35873837E-01 0.11635513     0.24580459     0.38454314     0.46361720     0.43961403    

 Exact exchange  matrix:
 0.93753113E-01 0.15225345     0.16783544     0.15218920     0.11947046     0.82927255E-01
 0.15225345     0.32692378     0.41410308     0.39707295     0.31903632     0.22381069    
 0.16783544     0.41410308     0.60213727     0.62778533     0.52603558     0.37674329    
 0.15218920     0.39707295     0.62778533     0.70562087     0.62072658     0.45689694    
 0.11947046     0.31903632     0.52603558     0.62072658     0.56813701     0.42922623    
 0.82927255E-01 0.22381069     0.37674329     0.45689694     0.42922623     0.33067053    
 Calculated number of electrons:
  0.99843548148372274     

 Exchange-correlation potential matrix:
 -1.2242465    -0.73393085    -0.33477330    -0.15741560    -0.78630871E-01-0.40658434E-01
-0.73393085     -1.0865277    -0.77511921    -0.42971489    -0.22782038    -0.12057047    
-0.33477330    -0.77511921    -0.90379842    -0.67686403    -0.41238237    -0.23179937    
-0.15741560    -0.42971489    -0.67686403    -0.69176507    -0.51919578    -0.32613917    
-0.78630871E-01-0.22782038    -0.41238237    -0.51919578    -0.47826844    -0.34747691    
-0.40658434E-01-0.12057047    -0.23179937    -0.32613917    -0.34747691    -0.28935823    

 Fock matrix F:
  43.885438      5.7163178    -0.47787231    -0.67544870    -0.42071989    -0.23704898    
  5.7163178      5.8070686     0.81404660    -0.56270352    -0.53799502    -0.34451162    
-0.47787231     0.81404660     0.66017228    -0.26146091    -0.51240369    -0.40133313    
-0.67544870    -0.56270352    -0.26146091    -0.25411932    -0.39430918    -0.37657355    
-0.42071989    -0.53799502    -0.51240369    -0.39430918    -0.32421189    -0.29288781    
-0.23704898    -0.34451162    -0.40133313    -0.37657355    -0.29288781    -0.21481371    

 Transformed Fock matrix F':
  61.271930     -21.002682      5.3439665     -3.4197629      1.3321728    -0.43781206    
 -21.002682      19.637496     -7.9682427      2.2947352     -1.3141798     0.27827826    
  5.3439665     -7.9682427      6.5915274     -3.0590909     0.63554864    -0.30496776    
 -3.4197629      2.2947352     -3.0590909      2.3412211     -1.1033415     0.29905658E-01
  1.3321728     -1.3141798     0.63554864     -1.1033415     0.67184426    -0.28542105    
-0.43781206     0.27827826    -0.30496776     0.29905658E-01-0.28542105     0.48650991E-01

 Orbitals energies:
              1-0.42569689    
              2 0.17081166    
              3  1.0522831    
              4  3.8970775    
              5  14.507130    
              6  71.361065    

 Transformed coefficients C':
 0.41138806E-01-0.24443058E-01-0.56032478E-01 0.92475792E-01 0.40067657     0.90855765    
 0.14704019    -0.98556508E-01-0.17686874     0.50649898     0.72608365    -0.39197521    
 0.33343423    -0.21232007    -0.50094865     0.54423032    -0.52971781     0.12650948    
 0.52774418    -0.36811940    -0.37891792    -0.64146708     0.16373325    -0.64084365E-01
 0.59052486    -0.24119466     0.74945217     0.16150940    -0.68082742E-01 0.26578488E-01
 0.48813406     0.86655789    -0.96803455E-01-0.33986291E-01 0.14697805E-01-0.77818083E-02

 New coefficients C=XC':
 0.58025997E-02-0.47690193E-02-0.14332474E-02 0.33021701E-01-0.67111704E-01  1.3948276    
 0.33092024E-01-0.57110297E-02-0.96349666E-01-0.14962793      1.9350552     -1.4809829    
 0.12026110    -0.16761119     0.21065699      2.4753757     -2.7596736      1.2252711    
 0.30792453     0.17700651     -2.6157634     -3.8761109      2.3074201    -0.92144728    
 0.42236459     -1.7677155      3.8571054      2.7778980     -1.3678640     0.54724046    
 0.25058439      2.0084088     -1.7292236    -0.93136628     0.44336734    -0.18023319    

 Kinetic energy:
  0.56931135549783118     

 Nuclear-elctron potential energy:
  -1.0668825930325938     

 ===> One-electron energy:
 -0.49757123753476273     

 Coulomb energy:
  0.33459112124567070     

 Exchange-correlation energy
 -0.28667485389861219     

 HF exact exchange energy:
  0.33459112124567075     

 ===> Two-electron energy:
   4.7916267347058505E-002

 ===> Total energy:
 -0.46163403702446887     

 :::::::::::::::: Step number           5 ::::::::::::::::

 Density matrix guess:
 0.33670164E-04 0.19201977E-03 0.69782700E-03 0.17867628E-02 0.24508127E-02 0.14540409E-02
 0.19201977E-03 0.10950821E-02 0.39796831E-02 0.10189846E-01 0.13976899E-01 0.82923446E-02
 0.69782700E-03 0.39796831E-02 0.14462731E-01 0.37031341E-01 0.50794029E-01 0.30135553E-01
 0.17867628E-02 0.10189846E-01 0.37031341E-01 0.94817514E-01 0.13005642     0.77161079E-01
 0.24508127E-02 0.13976899E-01 0.50794029E-01 0.13005642     0.17839185     0.10583797    
 0.14540409E-02 0.82923446E-02 0.30135553E-01 0.77161079E-01 0.10583797     0.62792535E-01

 Coulomb  matrix:
  1.0533823     0.64334523     0.29484589     0.13882655     0.69375977E-01 0.35878873E-01
 0.64334523      1.0066562     0.73718401     0.41269439     0.21957729     0.11637006    
 0.29484589     0.73718401     0.90952703     0.70295579     0.43456479     0.24583070    
 0.13882655     0.41269439     0.70295579     0.76477946     0.59825922     0.38457345    
 0.69375977E-01 0.21957729     0.43456479     0.59825922     0.59870724     0.46364283    
 0.35878873E-01 0.11637006     0.24583070     0.38457345     0.46364283     0.43963154    

 Exact exchange  matrix:
 0.93781148E-01 0.15229789     0.16788165     0.15222618     0.11949396     0.82939482E-01
 0.15229789     0.32701614     0.41421235     0.39716433     0.31909468     0.22384047    
 0.16788165     0.41421235     0.60228217     0.62791230     0.52611544     0.37678096    
 0.15222618     0.39716433     0.62791230     0.70573119     0.62078805     0.45691639    
 0.11949396     0.31909468     0.52611544     0.62078805     0.56815602     0.42921350    
 0.82939482E-01 0.22384047     0.37678096     0.45691639     0.42921350     0.33063775    
 Calculated number of electrons:
  0.99843773055149898     

 Exchange-correlation potential matrix:
 -1.2243692    -0.73400395    -0.33480658    -0.15743124    -0.78638683E-01-0.40662473E-01
-0.73400395     -1.0866325    -0.77519213    -0.42975485    -0.22784147    -0.12058161    
-0.33480658    -0.77519213    -0.90387623    -0.67691782    -0.41241364    -0.23181655    
-0.15743124    -0.42975485    -0.67691782    -0.69180749    -0.51921988    -0.32615140    
-0.78638683E-01-0.22784147    -0.41241364    -0.51921988    -0.47827501    -0.34747302    
-0.40662473E-01-0.12058161    -0.23181655    -0.32615140    -0.34747302    -0.28934213    

 Fock matrix F:
  43.885489      5.7163425    -0.47786739    -0.67545018    -0.42072188    -0.23705003    
  5.7163425      5.8071028     0.81406116    -0.56270298    -0.53799719    -0.34451248    
-0.47786739     0.81406116     0.66018640    -0.26145446    -0.51240022    -0.40132933    
-0.67545018    -0.56270298    -0.26145446    -0.25410604    -0.39429215    -0.37655728    
-0.42072188    -0.53799719    -0.51240022    -0.39429215    -0.32418197    -0.29285607    
-0.23705003    -0.34451248    -0.40132933    -0.37655728    -0.29285607    -0.21477594    

 Transformed Fock matrix F':
  61.271985     -21.002684      5.3439640     -3.4197648      1.3321721    -0.43781217    
 -21.002684      19.637542     -7.9682493      2.2947304     -1.3141824     0.27827797    
  5.3439640     -7.9682493      6.5915558     -3.0591017     0.63554398    -0.30496784    
 -3.4197648      2.2947304     -3.0591017      2.3412411     -1.1033448     0.29905298E-01
  1.3321721     -1.3141824     0.63554398     -1.1033448     0.67187423    -0.28540989    
-0.43781217     0.27827797    -0.30496784     0.29905298E-01-0.28540989     0.48681726E-01

 Orbitals energies:
              1-0.42567291    
              2 0.17083302    
              3  1.0523102    
              4  3.8971132    
              5  14.507177    
              6  71.361119    

 Transformed coefficients C':
 0.41139743E-01-0.24442032E-01-0.56032174E-01 0.92475698E-01 0.40067657     0.90855767    
 0.14704357    -0.98553036E-01-0.17686750     0.50649881     0.72608387    -0.39197520    
 0.33344235    -0.21231169    -0.50094638     0.54423093    -0.52971759     0.12650944    
 0.52775458    -0.36810676    -0.37891601    -0.64146697     0.16373301    -0.64084351E-01
 0.59052429    -0.24118529     0.74945585     0.16150850    -0.68082658E-01 0.26578478E-01
 0.48811687     0.86656835    -0.96796708E-01-0.33985753E-01 0.14697715E-01-0.77818010E-02

 New coefficients C=XC':
 0.58027167E-02-0.47689313E-02-0.14331901E-02 0.33021764E-01-0.67111739E-01  1.3948276    
 0.33092879E-01-0.57097526E-02-0.96349625E-01-0.14962865      1.9350552     -1.4809828    
 0.12026304    -0.16761101     0.21065989      2.4753765     -2.7596727      1.2252710    
 0.30794018     0.17702466     -2.6157645     -3.8761090      2.3074185    -0.92144710    
 0.42237256     -1.7677224      3.8571050      2.7778936     -1.3678627     0.54724033    
 0.25055571      2.0084208     -1.7292154    -0.93136360     0.44336678    -0.18023314    

 Kinetic energy:
  0.56947617581095455     

 Nuclear-elctron potential energy:
  -1.0670364633300029     

 ===> One-electron energy:
 -0.49756028751904829     

 Coulomb energy:
  0.33464640144102004     

 Exchange-correlation energy
 -0.28672145735671412     

 HF exact exchange energy:
  0.33464640144101998     

 ===> Two-electron energy:
   4.7924944084305920E-002

 ===> Total energy:
 -0.46161657945581885     

 :::::::::::::::: Step number           6 ::::::::::::::::

 Density matrix guess:
 0.33671521E-04 0.19202860E-03 0.69785237E-03 0.17868896E-02 0.24509083E-02 0.14539038E-02
 0.19202860E-03 0.10951387E-02 0.39798504E-02 0.10190627E-01 0.13977524E-01 0.82916099E-02
 0.69785237E-03 0.39798504E-02 0.14463200E-01 0.37033823E-01 0.50795809E-01 0.30132592E-01
 0.17868896E-02 0.10190627E-01 0.37033823E-01 0.94827153E-01 0.13006548     0.77156170E-01
 0.24509083E-02 0.13977524E-01 0.50795809E-01 0.13006548     0.17839858     0.10582786    
 0.14539038E-02 0.82916099E-02 0.30132592E-01 0.77156170E-01 0.10582786     0.62778164E-01

 Coulomb  matrix:
  1.0534034     0.64335799     0.29485172     0.13882929     0.69377348E-01 0.35879582E-01
 0.64335799      1.0066754     0.73719764     0.41270193     0.21958128     0.11637218    
 0.29485172     0.73719764     0.90954244     0.70296695     0.43457146     0.24583442    
 0.13882929     0.41270193     0.70296695     0.76478983     0.59826643     0.38457779    
 0.69377348E-01 0.21958128     0.43457146     0.59826643     0.59871293     0.46364652    
 0.35879582E-01 0.11637218     0.24583442     0.38457779     0.46364652     0.43963406    

 Exact exchange  matrix:
 0.93784994E-01 0.15230401     0.16788804     0.15223131     0.11949722     0.82941152E-01
 0.15230401     0.32702891     0.41422754     0.39717710     0.31910283     0.22384458    
 0.16788804     0.41422754     0.60230250     0.62793025     0.52612674     0.37678624    
 0.15223131     0.39717710     0.62793025     0.70574697     0.62079691     0.45691919    
 0.11949722     0.31910283     0.52612674     0.62079691     0.56815885     0.42921171    
 0.82941152E-01 0.22384458     0.37678624     0.45691919     0.42921171     0.33063305    
 Calculated number of electrons:
  0.99843806436928817     

 Exchange-correlation potential matrix:
 -1.2243860    -0.73401398    -0.33481115    -0.15743339    -0.78639755E-01-0.40663027E-01
-0.73401398     -1.0866469    -0.77520221    -0.42976038    -0.22784439    -0.12058315    
-0.33481115    -0.77520221    -0.90388708    -0.67692538    -0.41241805    -0.23181897    
-0.15743339    -0.42976038    -0.67692538    -0.69181354    -0.51922335    -0.32615318    
-0.78639755E-01-0.22784439    -0.41241805    -0.51922335    -0.47827600    -0.34747249    
-0.40663027E-01-0.12058315    -0.23181897    -0.32615318    -0.34747249    -0.28933982    

 Fock matrix F:
  43.885497      5.7163462    -0.47786658    -0.67545033    -0.42072213    -0.23705015    
  5.7163462      5.8071080     0.81406344    -0.56270278    -0.53799742    -0.34451255    
-0.47786658     0.81406344     0.66018858    -0.26145346    -0.51239968    -0.40132875    
-0.67545033    -0.56270278    -0.26145346    -0.25410415    -0.39428975    -0.37655497    
-0.42072213    -0.53799742    -0.51239968    -0.39428975    -0.32417773    -0.29285155    
-0.23705015    -0.34451255    -0.40132875    -0.37655497    -0.29285155    -0.21477051    

 Transformed Fock matrix F':
  61.271993     -21.002684      5.3439637     -3.4197650      1.3321720    -0.43781218    
 -21.002684      19.637549     -7.9682502      2.2947298     -1.3141828     0.27827795    
  5.3439637     -7.9682502      6.5915599     -3.0591032     0.63554334    -0.30496783    
 -3.4197650      2.2947298     -3.0591032      2.3412439     -1.1033453     0.29905229E-01
  1.3321720     -1.3141828     0.63554334     -1.1033453     0.67187849    -0.28540832    
-0.43781218     0.27827795    -0.30496783     0.29905229E-01-0.28540832     0.48686214E-01

 Orbitals energies:
              1-0.42566948    
              2 0.17083615    
              3  1.0523141    
              4  3.8971184    
              5  14.507184    
              6  71.361127    

 Transformed coefficients C':
 0.41139872E-01-0.24441881E-01-0.56032130E-01 0.92475685E-01 0.40067658     0.90855767    
 0.14704403    -0.98552522E-01-0.17686732     0.50649878     0.72608390    -0.39197519    
 0.33344348    -0.21231046    -0.50094606     0.54423104    -0.52971756     0.12650943    
 0.52775609    -0.36810493    -0.37891578    -0.64146693     0.16373297    -0.64084348E-01
 0.59052425    -0.24118391     0.74945634     0.16150838    -0.68082646E-01 0.26578476E-01
 0.48811436     0.86656987    -0.96795763E-01-0.33985671E-01 0.14697702E-01-0.77818000E-02

 New coefficients C=XC':
 0.58027328E-02-0.47689180E-02-0.14331821E-02 0.33021774E-01-0.67111745E-01  1.3948276    
 0.33092998E-01-0.57095667E-02-0.96349616E-01-0.14962876      1.9350552     -1.4809828    
 0.12026327    -0.16761095     0.21066032      2.4753766     -2.7596725      1.2252709    
 0.30794239     0.17702724     -2.6157647     -3.8761088      2.3074183    -0.92144707    
 0.42237391     -1.7677234      3.8571049      2.7778929     -1.3678625     0.54724031    
 0.25055143      2.0084225     -1.7292143    -0.93136322     0.44336670    -0.18023313    

 Kinetic energy:
  0.56949936162450876     

 Nuclear-elctron potential energy:
  -1.0670580995223098     

 ===> One-electron energy:
 -0.49755873789780108     

 Coulomb energy:
  0.33465429679273379     

 Exchange-correlation energy
 -0.28672809870707666     

 HF exact exchange energy:
  0.33465429679273390     

 ===> Two-electron energy:
   4.7926198085657123E-002

 ===> Total energy:
 -0.46161408933355830     

 ******************
 End of  SCF cycle
 ******************
