
 Overlap matrix S:
  1.0000000     0.61565089     0.28282059     0.13325672     0.66607913E-01 0.34450332E-01
 0.61565089      1.0000000     0.75152600     0.42543220     0.22732114     0.12067880    
 0.28282059     0.75152600      1.0000000     0.81497831     0.51741618     0.29623148    
 0.13325672     0.42543220     0.81497831      1.0000000     0.85056276     0.57260191    
 0.66607913E-01 0.22732114     0.51741618     0.85056276      1.0000000     0.86679856    
 0.34450332E-01 0.12067880     0.29623148     0.57260191     0.86679856      1.0000000    

 Nuclear matrix N:
 -9.5110006     -4.5040389     -1.9502236    -0.90405188    -0.44948775    -0.23201482    
 -4.5040389     -4.0725401     -2.4482700     -1.2826468    -0.66672506    -0.35018189    
 -1.9502236     -2.4482700     -2.1540772     -1.4388499    -0.83903132    -0.46343815    
-0.90405188     -1.2826468     -1.4388499     -1.2625299    -0.89470382    -0.55054952    
-0.44948775    -0.66672506    -0.83903132    -0.89470382    -0.78675905    -0.57298072    
-0.23201482    -0.35018189    -0.46343815    -0.55054952    -0.57298072    -0.50491007    

 Kinect energy matrix:
  53.284829      10.165614      1.4705857     0.24590512     0.48242391E-01 0.10317641E-01
  10.165614      9.7697151      3.2100944     0.72885669     0.15980536     0.35695668E-01
  1.4705857      3.2100944      2.7332142      1.1391061     0.33290540     0.84335766E-01
 0.24590512     0.72885669      1.1391061     0.93893286     0.44676438     0.14826144    
 0.48242391E-01 0.15980536     0.33290540     0.44676438     0.36461510     0.18438995    
 0.10317641E-01 0.35695668E-01 0.84335766E-01 0.14826144     0.18438995     0.15016864    

 Transformation matrix X=S^(-1/2):
  1.2438805    -0.57716438     0.23364592    -0.11619646     0.50477565E-01-0.14124403E-01
-0.57716438      1.9322041     -1.2333108     0.56379720    -0.24656280     0.65582474E-01
 0.23364592     -1.2333108      2.9341892     -2.0728967     0.88956987    -0.24115839    
-0.11619646     0.56379720     -2.0728967      4.0117548     -2.6288600     0.72972894    
 0.50477565E-01-0.24656280     0.88956987     -2.6288600      4.1228257     -1.8178120    
-0.14124403E-01 0.65582474E-01-0.24115839     0.72972894     -1.8178120      2.0696888    

 XtSX:
  1.0000000    -0.11037178E-15-0.38879490E-15 0.81358531E-15-0.36776138E-15 0.39551695E-15
 0.34369209E-15  1.0000000     0.15265567E-14-0.12732870E-14 0.12212453E-14-0.55511151E-15
-0.37838656E-15 0.13314003E-14  1.0000000    -0.29212743E-14 0.29698466E-14-0.12212453E-14
 0.57592819E-15-0.30357661E-15-0.35943470E-14  1.0000000    -0.44408921E-14 0.22759572E-14
-0.30878078E-15 0.95756736E-15 0.26506575E-14-0.26645353E-14  1.0000000    -0.15543122E-14
 0.28969882E-15-0.67307271E-15-0.13600232E-14 0.16653345E-14-0.19984014E-14  1.0000000    

 Initial Fock matrix F = Hcore:
  43.773829      5.6615747    -0.47963794    -0.65814676    -0.40124536    -0.22169718    
  5.6615747      5.6971751     0.76182434    -0.55379015    -0.50691970    -0.31448622    
-0.47963794     0.76182434     0.57913708    -0.29974382    -0.50612591    -0.37910238    
-0.65814676    -0.55379015    -0.29974382    -0.32359708    -0.44793944    -0.40228808    
-0.40124536    -0.50691970    -0.50612591    -0.44793944    -0.42214394    -0.38859077    
-0.22169718    -0.31448622    -0.37910238    -0.40228808    -0.38859077    -0.35474144    

 Transformed Fock matrix F':
  61.148198     -20.983498      5.3589499     -3.4138154      1.3381468    -0.43522992    
 -20.983498      19.466722     -7.9304183      2.3253921     -1.2978043     0.28852275    
  5.3589499     -7.9304183      6.4085244     -3.0077645     0.67332918    -0.28457409    
 -3.4138154      2.3253921     -3.0077645      2.1672587     -1.0604464     0.58935760E-01
  1.3381468     -1.2978043     0.67332918     -1.0604464     0.49815502    -0.26965643    
-0.43522992     0.28852275    -0.28457409     0.58935760E-01-0.26965643    -0.13195664    

 Orbitals energies:
              1-0.49985965    
              2-0.17139604E-01
              3 0.85346194    
              4  3.6901921    
              5  14.315207    
              6  71.215041    

 Transformed coefficients C':
 0.37526216E-01-0.25634092E-01-0.55962687E-01 0.91950216E-01 0.40052250     0.90880677    
 0.13385076    -0.10257061    -0.17693590     0.50692034     0.72804290    -0.39146168    
 0.30708216    -0.22496913    -0.50738495     0.55109171    -0.52724476     0.12633626    
 0.50181422    -0.39689078    -0.39574615    -0.63502370     0.16336977    -0.64034340E-01
 0.59337093    -0.27520192     0.73511859     0.16257221    -0.68114644E-01 0.26573957E-01
 0.53147881     0.83961459    -0.10539464    -0.34496853E-01 0.14796927E-01-0.77841717E-02

 New coefficients C=XC':
 0.53088018E-02-0.48820383E-02-0.14582885E-02 0.33040053E-01-0.67817109E-01  1.3947946    
 0.29714377E-01-0.67827663E-02-0.95098766E-01-0.15363544      1.9356892     -1.4798917    
 0.10419071    -0.16416768     0.21607511      2.4825779     -2.7541684      1.2240806    
 0.27565660     0.15541723     -2.6385666     -3.8673525      2.3021142    -0.92061677    
 0.40309973     -1.7936303      3.8521613      2.7722424     -1.3655110     0.54682644    
 0.32174014      1.9962720     -1.7316822    -0.93127268     0.44289951    -0.18012141    
 ******************
 Entering SCF cycle
 ******************

 :::::::::::::::: Step number           1 ::::::::::::::::

 Density matrix guess:
 0.28183376E-04 0.15774774E-03 0.55312780E-03 0.14634062E-02 0.21399765E-02 0.17080546E-02
 0.15774774E-03 0.88294419E-03 0.30959619E-02 0.81909640E-02 0.11977857E-01 0.95603077E-02
 0.55312780E-03 0.30959619E-02 0.10855703E-01 0.28720855E-01 0.41999245E-01 0.33522332E-01
 0.14634062E-02 0.81909640E-02 0.28720855E-01 0.75986559E-01 0.11111710     0.88689791E-01
 0.21399765E-02 0.11977857E-01 0.41999245E-01 0.11111710     0.16248939     0.12969336    
 0.17080546E-02 0.95603077E-02 0.33522332E-01 0.88689791E-01 0.12969336     0.10351672    

 Coulomb  matrix:
 0.98873338     0.60429258     0.27700591     0.13043467     0.65183620E-01 0.33710990E-01
 0.60429258     0.94861060     0.69617220     0.39008693     0.20761987     0.11004790    
 0.27700591     0.69617220     0.86400221     0.67032653     0.41515134     0.23503744    
 0.13043467     0.39008693     0.67032653     0.73498986     0.57771006     0.37226655    
 0.65183620E-01 0.20761987     0.41515134     0.57771006     0.58271061     0.45332490    
 0.33710990E-01 0.11004790     0.23503744     0.37226655     0.45332490     0.43260713    

 Exact exchange  matrix:
 0.80288787E-01 0.13127501     0.14648427     0.13516240     0.10826714     0.76624915E-01
 0.13127501     0.28434828     0.36511555     0.35646222     0.29231229     0.20910829    
 0.14648427     0.36511555     0.53970293     0.57419601     0.49165635     0.35929577    
 0.13516240     0.35646222     0.57419601     0.66066701     0.59541788     0.44791614    
 0.10826714     0.29231229     0.49165635     0.59541788     0.55995804     0.43335183    
 0.76624915E-01 0.20910829     0.35929577     0.44791614     0.43335183     0.34272072    
 Calculated number of electrons:
  0.99830340141921103     

 Exchange-correlation potential matrix:
-0.61217964    -0.36724587    -0.16754746    -0.78787942E-01-0.39356220E-01-0.20350453E-01
-0.36724587    -0.54535204    -0.38987347    -0.21633666    -0.11473431    -0.60729796E-01
-0.16754746    -0.38987347    -0.45740729    -0.34404102    -0.21006417    -0.11819227    
-0.78787942E-01-0.21633666    -0.34404102    -0.35508686    -0.26834738    -0.16921152    
-0.39356220E-01-0.11473431    -0.21006417    -0.26834738    -0.25053422    -0.18376185    
-0.20350453E-01-0.60729796E-01-0.11819227    -0.16921152    -0.18376185    -0.15565466    

 Fock matrix F:
  44.283355      5.9576141    -0.36491369    -0.62059364    -0.39264569    -0.22240526    
  5.9576141      6.1656846      1.0743125    -0.41507127    -0.45842864    -0.30226274    
-0.36491369      1.0743125     0.96515808    -0.30997055E-01-0.37143679    -0.32253308    
-0.62059364    -0.41507127    -0.30997055E-01-0.20089122E-01-0.22034439    -0.26890921    
-0.39264569    -0.45842864    -0.37143679    -0.22034439    -0.16732351    -0.18142521    
-0.22240526    -0.30226274    -0.32253308    -0.26890921    -0.18142521    -0.12455548    

 Transformed Fock matrix F':
  61.667743     -20.991714      5.3497876     -3.4192793      1.3341906    -0.43762091    
 -20.991714      19.975528     -7.9458194      2.3073761     -1.3120835     0.28098649    
  5.3497876     -7.9458194      6.8530378     -3.0268545     0.65116250    -0.30077573    
 -3.4192793      2.3073761     -3.0268545      2.5128805     -1.0693481     0.42187856E-01
  1.3341906     -1.3120835     0.65116250     -1.0693481     0.75882020    -0.25868318    
-0.43762091     0.28098649    -0.30077573     0.42187856E-01-0.25868318     0.84651972E-01

 Orbitals energies:
              1-0.24566946    
              2 0.23964712    
              3  1.1922060    
              4  4.1185499    
              5  14.811802    
              6  71.736125    

 Transformed coefficients C':
 0.34809652E-01-0.25008749E-01-0.56665547E-01 0.92014418E-01 0.40064820     0.90882684    
 0.12326341    -0.10163669    -0.17610359     0.50802017     0.72945347    -0.39150579    
 0.28203604    -0.21675632    -0.51380167     0.56279529    -0.52614152     0.12616170    
 0.46523047    -0.40880437    -0.43950080    -0.62716426     0.16082310    -0.63871442E-01
 0.57986536    -0.36320273     0.71017641     0.14935300    -0.66951331E-01 0.26468934E-01
 0.59276207     0.80188777    -0.65367396E-01-0.32695328E-01 0.14394441E-01-0.77488639E-02

 New coefficients C=XC':
 0.48920208E-02-0.52492057E-02-0.10524258E-02 0.33613668E-01-0.67856801E-01  1.3947796    
 0.28438279E-01-0.29614466E-02-0.10106495    -0.15817291      1.9352325     -1.4796531    
 0.92164641E-01-0.18556455     0.25491468      2.4870914     -2.7462307      1.2231879    
 0.25538054     0.29486389     -2.7054688     -3.8234040      2.2870395    -0.91932675    
 0.31238378     -2.0494358      3.7856431      2.7039489     -1.3526485     0.54575763    
 0.45181588      2.0675363     -1.6338152    -0.90052998     0.43791811    -0.17969963    

 Kinetic energy:
  0.50052234986325683     

 Nuclear-elctron potential energy:
  -1.0003819954687683     

 ===> One-electron energy:
 -0.49985964560551133     

 Coulomb energy:
  0.31287652718695907     

 Exchange-correlation energy
 -0.21335650046869215     

 HF exact exchange energy:
  0.31287652718695913     

 ===> Two-electron energy:
   9.9520026718266930E-002

 ===> Total energy:
 -0.42521962556681114     

 :::::::::::::::: Step number           2 ::::::::::::::::

 Density matrix guess:
 0.23931867E-04 0.13912065E-03 0.45087133E-03 0.12493269E-02 0.15281879E-02 0.22102927E-02
 0.13912065E-03 0.80873570E-03 0.26210037E-02 0.72625831E-02 0.88836570E-02 0.12848866E-01
 0.45087133E-03 0.26210037E-02 0.84943210E-02 0.23537056E-01 0.28790739E-01 0.41641449E-01
 0.12493269E-02 0.72625831E-02 0.23537056E-01 0.65219221E-01 0.79776739E-01 0.11538499    
 0.15281879E-02 0.88836570E-02 0.28790739E-01 0.79776739E-01 0.97583625E-01 0.14113995    
 0.22102927E-02 0.12848866E-01 0.41641449E-01 0.11538499     0.14113995     0.20413759    

 Coulomb  matrix:
 0.92009155     0.56262695     0.25794541     0.12146497     0.60701980E-01 0.31393397E-01
 0.56262695     0.88533340     0.65083233     0.36494741     0.19429386     0.10299598    
 0.25794541     0.65083233     0.81174078     0.63195410     0.39205661     0.22213238    
 0.12146497     0.36494741     0.63195410     0.69819365     0.55155090     0.35635771    
 0.60701980E-01 0.19429386     0.39205661     0.55155090     0.56130800     0.43911501    
 0.31393397E-01 0.10299598     0.22213238     0.35635771     0.43911501     0.42253592    

 Exact exchange  matrix:
 0.69519041E-01 0.11384133     0.12778799     0.11947484     0.97731917E-01 0.70923456E-01
 0.11384133     0.24710879     0.31944478     0.31619188     0.26490161     0.19436547    
 0.12778799     0.31944478     0.47630204     0.51476590     0.45095966     0.33833822    
 0.11947484     0.31619188     0.51476590     0.60359223     0.55829924     0.43215884    
 0.97731917E-01 0.26490161     0.45095966     0.55829924     0.54109010     0.43241861    
 0.70923456E-01 0.19436547     0.33833822     0.43215884     0.43241861     0.35443710    
 Calculated number of electrons:
  0.99820792741314335     

 Exchange-correlation potential matrix:
-0.58342854    -0.35003515    -0.15970017    -0.75098463E-01-0.37513356E-01-0.19397560E-01
-0.35003515    -0.52009424    -0.37204879    -0.20651323    -0.10953904    -0.57983053E-01
-0.15970017    -0.37204879    -0.43770392    -0.33006275    -0.20181779    -0.11362899    
-0.75098463E-01-0.20651323    -0.33006275    -0.34310667    -0.26085534    -0.16509199    
-0.37513356E-01-0.10953904    -0.20181779    -0.26085534    -0.24694136    -0.18319533    
-0.19397560E-01-0.57983053E-01-0.11362899    -0.16509199    -0.18319533    -0.15870147    

 Fock matrix F:
  44.238969      5.9332150    -0.37341465    -0.62287435    -0.39311137    -0.22258282    
  5.9332150      6.1306606      1.0537589    -0.42277564    -0.46100553    -0.30356890    
-0.37341465      1.0537589     0.94352441    -0.44028256E-01-0.37817256    -0.32677630    
-0.62287435    -0.42277564    -0.44028256E-01-0.33631500E-01-0.23160486    -0.27778908    
-0.39311137    -0.46100553    -0.37817256    -0.23160486    -0.18131448    -0.19497692    
-0.22258282    -0.30356890    -0.32677630    -0.27778908    -0.19497692    -0.13984089    

 Transformed Fock matrix F':
  61.622035     -20.991392      5.3505172     -3.4185096      1.3344000    -0.43756970    
 -20.991392      19.936460     -7.9446211      2.3087571     -1.3106572     0.28095661    
  5.3505172     -7.9446211      6.8274453     -3.0246190     0.65216199    -0.30074721    
 -3.4185096      2.3087571     -3.0246190      2.4998103     -1.0687397     0.41039724E-01
  1.3344000     -1.3106572     0.65216199     -1.0687397     0.74853979    -0.26273034    
-0.43756970     0.28095661    -0.30074721     0.41039724E-01-0.26273034     0.72446517E-01

 Orbitals energies:
              1-0.26060533    
              2 0.23075207    
              3  1.1766872    
              4  4.0931152    
              5  14.775125    
              6  71.691664    

 Transformed coefficients C':
 0.34819513E-01-0.25396502E-01-0.56756065E-01 0.92084982E-01 0.40064294     0.90880524    
 0.12330910    -0.10297999    -0.17674827     0.50797809     0.72911340    -0.39153793    
 0.28197022    -0.21993498    -0.51396052     0.56110563    -0.52649716     0.12620300    
 0.46397541    -0.41174513    -0.43612802    -0.62843130     0.16117244    -0.63895656E-01
 0.57825559    -0.36226787     0.71171995     0.15046958    -0.67044331E-01 0.26479114E-01
 0.59533399     0.79975413    -0.68047362E-01-0.32742893E-01 0.14426734E-01-0.77521810E-02

 New coefficients C=XC':
 0.48907862E-02-0.52798652E-02-0.11061881E-02 0.33535205E-01-0.67795910E-01  1.3947843    
 0.28460032E-01-0.34413369E-02-0.10071722    -0.15720385      1.9352390     -1.4797701    
 0.92466829E-01-0.18588316     0.25025048      2.4858331     -2.7476707      1.2234037    
 0.25661528     0.28492841     -2.6979751     -3.8279865      2.2892551    -0.91955429    
 0.30430176     -2.0364881      3.7880250      2.7104806     -1.3542417     0.54591286    
 0.45916810      2.0599589     -1.6397092    -0.90317903     0.43847245    -0.17975443    

 Kinetic energy:
  0.43335990031940008     

 Nuclear-elctron potential energy:
 -0.93017132763118482     

 ===> One-electron energy:
 -0.49681142731178474     

 Coulomb energy:
  0.28752137102241931     

 Exchange-correlation energy
 -0.19639632494923168     

 HF exact exchange energy:
  0.28752137102241931     

 ===> Two-electron energy:
   9.1125046073187638E-002

 ===> Total energy:
 -0.42846764275689403     

 :::::::::::::::: Step number           3 ::::::::::::::::

 Density matrix guess:
 0.23919790E-04 0.13919193E-03 0.45223549E-03 0.12550505E-02 0.14882748E-02 0.22456930E-02
 0.13919193E-03 0.80997341E-03 0.26316089E-02 0.73032790E-02 0.86604377E-02 0.13067939E-01
 0.45223549E-03 0.26316089E-02 0.85501145E-02 0.23728401E-01 0.28137819E-01 0.42457818E-01
 0.12550505E-02 0.73032790E-02 0.23728401E-01 0.65851401E-01 0.78088480E-01 0.11782955    
 0.14882748E-02 0.86604377E-02 0.28137819E-01 0.78088480E-01 0.92599560E-01 0.13972566    
 0.22456930E-02 0.13067939E-01 0.42457818E-01 0.11782955     0.13972566     0.21083534    

 Coulomb  matrix:
 0.91874848     0.56180132     0.25756632     0.12128637     0.60612716E-01 0.31347229E-01
 0.56180132     0.88400623     0.64984544     0.36439173     0.19399759     0.10283884    
 0.25756632     0.64984544     0.81048623     0.63097575     0.39145113     0.22178993    
 0.12128637     0.36439173     0.63097575     0.69714131     0.55075248     0.35585658    
 0.60612716E-01 0.19399759     0.39145113     0.55075248     0.56058698     0.43861035    
 0.31347229E-01 0.10283884     0.22178993     0.35585658     0.43861035     0.42215293    

 Exact exchange  matrix:
 0.69494409E-01 0.11377331     0.12765797     0.11931411     0.97621382E-01 0.70899051E-01
 0.11377331     0.24688251     0.31900224     0.31564956     0.26451006     0.19423611    
 0.12765797     0.31900224     0.47537764     0.51358187     0.45004329     0.33794120    
 0.11931411     0.31564956     0.51358187     0.60198984     0.55700878     0.43157048    
 0.97621382E-01 0.26451006     0.45004329     0.55700878     0.54010980     0.43212070    
 0.70899051E-01 0.19423611     0.33794120     0.43157048     0.43212070     0.35466287    
 Calculated number of electrons:
  0.99815092145529272     

 Exchange-correlation potential matrix:
-0.58337038    -0.34999305    -0.15967995    -0.75088809E-01-0.37508510E-01-0.19395049E-01
-0.34999305    -0.51997505    -0.37193409    -0.20644256    -0.10950014    -0.57962165E-01
-0.15967995    -0.37193409    -0.43747183    -0.32984271    -0.20167113    -0.11354359    
-0.75088809E-01-0.20644256    -0.32984271    -0.34280423    -0.26061187    -0.16493954    
-0.37508510E-01-0.10950014    -0.20167113    -0.26061187    -0.24674964    -0.18310893    
-0.19395049E-01-0.57962165E-01-0.11354359    -0.16493954    -0.18310893    -0.15875609    

 Fock matrix F:
  44.237676      5.9324379    -0.37374607    -0.62300552    -0.39316937    -0.22262100    
  5.9324379      6.1294794      1.0529686    -0.42314273    -0.46117474    -0.30367803    
-0.37374607      1.0529686     0.94267503    -0.44545560E-01-0.37843895    -0.32695544    
-0.62300552    -0.42314273    -0.44545560E-01-0.34056409E-01-0.23189806    -0.27802878    
-0.39316937    -0.46117474    -0.37843895    -0.23189806    -0.18164664    -0.19534230    
-0.22262100    -0.30367803    -0.32695544    -0.27802878    -0.19534230    -0.14032129    

 Transformed Fock matrix F':
  61.620741     -20.991410      5.3505174     -3.4185005      1.3344009    -0.43757551    
 -20.991410      19.935265     -7.9446703      2.3087540     -1.3106390     0.28093060    
  5.3505174     -7.9446703      6.8265522     -3.0246225     0.65215614    -0.30079894    
 -3.4185005      2.3087540     -3.0246225      2.4994367     -1.0686338     0.41022512E-01
  1.3344009     -1.3106390     0.65215614     -1.0686338     0.74833311    -0.26279865    
-0.43757551     0.28093060    -0.30079894     0.41022512E-01-0.26279865     0.71942314E-01

 Orbitals energies:
              1-0.26104929    
              2 0.23038507    
              3  1.1761560    
              4  4.0923202    
              5  14.774047    
              6  71.690411    

 Transformed coefficients C':
 0.34824644E-01-0.25416062E-01-0.56755329E-01 0.92085334E-01 0.40064255     0.90880468    
 0.12332817    -0.10304936    -0.17675597     0.50797064     0.72910326    -0.39153875    
 0.28200601    -0.22009321    -0.51393257     0.56104067    -0.52650813     0.12620409    
 0.46390555    -0.41190769    -0.43596020    -0.62849016     0.16118243    -0.63896345E-01
 0.57808363    -0.36230381     0.71183709     0.15048865    -0.67046530E-01 0.26479343E-01
 0.59553419     0.79960105    -0.68089230E-01-0.32753311E-01 0.14427932E-01-0.77523001E-02

 New coefficients C=XC':
 0.48911323E-02-0.52818926E-02-0.11072945E-02 0.33532714E-01-0.67794385E-01  1.3947844    
 0.28465925E-01-0.34617615E-02-0.10070400    -0.15717690      1.9352394     -1.4797731    
 0.92493068E-01-0.18592454     0.25010858      2.4857933     -2.7477134      1.2234094    
 0.25686916     0.28455020     -2.6977027     -3.8281500      2.2893189    -0.91956041    
 0.30343990     -2.0360553      3.7881696      2.7106769     -1.3542865     0.54591698    
 0.45983662      2.0596227     -1.6398936    -0.90326304     0.43848821    -0.17975591    

 Kinetic energy:
  0.43221650711570092     

 Nuclear-elctron potential energy:
 -0.92882570861650282     

 ===> One-electron energy:
 -0.49660920150080184     

 Coulomb energy:
  0.28677437298575226     

 Exchange-correlation energy
 -0.19592539135796827     

 HF exact exchange energy:
  0.28677437298575226     

 ===> Two-electron energy:
   9.0848981627783987E-002

 ===> Total energy:
 -0.42847246527996385     

 ******************
 End of  SCF cycle
 ******************
