
 Overlap matrix S:
  1.0000000     0.61356353     0.27530502    
 0.61356353      1.0000000     0.74097665    
 0.27530502     0.74097665      1.0000000    

 Nuclear matrix N:
 -2.9533589     -1.3931481    -0.58893128    
 -1.3931481     -1.2604694    -0.74444553    
-0.58893128    -0.74444553    -0.65573372    

 Kinect energy matrix:
  5.1378761     0.97147644     0.13290820    
 0.97147644     0.93587055     0.29540546    
 0.13290820     0.29540546     0.25328309    

 Transformation matrix X=S^(-1/2):
  1.2310221    -0.52779732     0.12988788    
-0.52779732      1.7089749    -0.71560826    
 0.12988788    -0.71560826      1.4053220    

 XtSX:
  1.0000000     0.18041124E-15 0.19428903E-15
 0.40245585E-15  1.0000000      0.0000000    
 0.23592239E-15-0.11102230E-15  1.0000000    

 Initial Fock matrix F = Hcore:
  2.1845172    -0.42167169    -0.45602308    
-0.42167169    -0.32459885    -0.44904006    
-0.45602308    -0.44904006    -0.40245063    

 Transformed Fock matrix F':
  3.6769194     -1.9300155     0.13179949    
 -1.9300155     0.96895208    -0.52868625    
 0.13179949    -0.52868625    -0.10911125    

 Orbitals energies:
              1-0.49574078    
              2 0.32474440    
              3  4.7077566    

 Transformed coefficients C':
 0.25917594     0.39426215     0.88169450    
 0.61139255     0.63972384    -0.46578167    
 0.74768107    -0.65978085     0.75247912E-01

 New coefficients C=XC':
 0.93474678E-01 0.62003356E-01  1.3409975    
 0.37301543      1.3573261     -1.3152132    
 0.64687893     -1.3337863     0.55358619    
 ******************
 Entering SCF cycle
 ******************

 :::::::::::::::: Step number           1 ::::::::::::::::

 Density matrix guess:
 0.87375154E-02 0.34867498E-01 0.60466800E-01
 0.34867498E-01 0.13914051     0.24129583    
 0.60466800E-01 0.24129583     0.41845235    

 Coulomb  matrix:
 0.92224433     0.54101654     0.23972212    
 0.54101654     0.74181461     0.49721945    
 0.23972212     0.49721945     0.52474862    

 Exact exchange  matrix:
 0.41194624     0.47430676     0.35192817    
 0.47430676     0.67111926     0.54762476    
 0.35192817     0.54762476     0.47946908    
 Calculated number of electrons:
  0.99893972160896738     

 Exchange-correlation potential matrix:
-0.95942421    -0.54374909    -0.23885882    
-0.54374909    -0.67639094    -0.43197099    
-0.23885882    -0.43197099    -0.40047093    

 Fock matrix F:
  2.2842068    -0.40704366    -0.48342711    
-0.40704366    -0.25785726    -0.41270505    
-0.48342711    -0.41270505    -0.29792247    

 Transformed Fock matrix F':
  3.8155924     -1.9820451     0.99939554E-01
 -1.9820451      1.1092143    -0.58474550    
 0.99939554E-01-0.58474550     0.47379420E-01

 Orbitals energies:
              1-0.42823575    
              2 0.51085960    
              3  4.8895623    

 Transformed coefficients C':
 0.27920649     0.38806675     0.87832109    
 0.63417452     0.61230468    -0.47212886    
 0.72101763    -0.68883029     0.75142606E-01

 New coefficients C=XC':
 0.10264520     0.65075273E-01  1.3401811    
 0.42045776      1.3345254     -1.3242046    
 0.59570697     -1.3557935     0.55754213    

 Kinetic energy:
  0.50747586739088879     

 Nuclear-elctron potential energy:
  -1.0032166485252678     

 ===> One-electron energy:
 -0.49574078113437908     

 Coulomb energy:
  0.31876454138207011     

 Exchange-correlation energy
 -0.27267215217496898     

 HF exact exchange energy:
  0.31876454138207011     

 ===> Two-electron energy:
   4.6092389207101125E-002

 ===> Total energy:
 -0.46117148922905327     

 :::::::::::::::: Step number           2 ::::::::::::::::

 Density matrix guess:
 0.10536037E-01 0.43157971E-01 0.61146462E-01
 0.43157971E-01 0.17678473     0.25046962    
 0.61146462E-01 0.25046962     0.35486679    

 Coulomb  matrix:
 0.96082967     0.56192208     0.24878008    
 0.56192208     0.76276123     0.50886384    
 0.24878008     0.50886384     0.53242467    

 Exact exchange  matrix:
 0.45495229     0.51180609     0.37131943    
 0.51180609     0.70341684     0.55938528    
 0.37131943     0.55938528     0.47565145    
 Calculated number of electrons:
  0.99910081641205639     

 Exchange-correlation potential matrix:
-0.99413350    -0.56154176    -0.24644338    
-0.56154176    -0.68954616    -0.43710967    
-0.24644338    -0.43710967    -0.39856411    

 Fock matrix F:
  2.2860087    -0.40885745    -0.48490539    
-0.40885745    -0.25485145    -0.40785480    
-0.48490539    -0.40785480    -0.28786189    

 Transformed Fock matrix F':
  3.8205492     -1.9868711     0.98290810E-01
 -1.9868711      1.1139391    -0.58438388    
 0.98290810E-01-0.58438388     0.58860129E-01

 Orbitals energies:
              1-0.42205642    
              2 0.51713974    
              3  4.8982651    

 Transformed coefficients C':
 0.28193384     0.38660593     0.87809405    
 0.63749012     0.60849474    -0.47258914    
 0.71702138    -0.69301515     0.74902195E-01

 New coefficients C=XC':
 0.10373361     0.64744276E-01  1.3401134    
 0.42754429      1.3317801     -1.3246993    
 0.58807254     -1.3591379     0.55750417    

 Kinetic energy:
  0.55755005462954510     

 Nuclear-elctron potential energy:
  -1.0518415531818925     

 ===> One-electron energy:
 -0.49429149855234744     

 Coulomb energy:
  0.33387222381203618     

 Exchange-correlation energy
 -0.28569311935812336     

 HF exact exchange energy:
  0.33387222381203618     

 ===> Two-electron energy:
   4.8179104453912824E-002

 ===> Total energy:
 -0.45815717021191282     

 :::::::::::::::: Step number           3 ::::::::::::::::

 Density matrix guess:
 0.10760662E-01 0.44350712E-01 0.61002887E-01
 0.44350712E-01 0.18279412     0.25142705    
 0.61002887E-01 0.25142705     0.34582931    

 Coulomb  matrix:
 0.96632744     0.56490641     0.25007370    
 0.56490641     0.76576230     0.51053330    
 0.25007370     0.51053330     0.53352548    

 Exact exchange  matrix:
 0.46101883     0.51709194     0.37397048    
 0.51709194     0.70799141     0.56096855    
 0.37397048     0.56096855     0.47500283    
 Calculated number of electrons:
  0.99912371311673942     

 Exchange-correlation potential matrix:
-0.99881262    -0.56396711    -0.24748001    
-0.56396711    -0.69137475    -0.43781623    
-0.24748001    -0.43781623    -0.39824588    

 Fock matrix F:
  2.2864805    -0.40901360    -0.48505200    
-0.40901360    -0.25436546    -0.40711107    
-0.48505200    -0.40711107    -0.28636026    

 Transformed Fock matrix F':
  3.8214789     -1.9875424     0.98095264E-01
 -1.9875424      1.1146107    -0.58432490    
 0.98095264E-01-0.58432490     0.60562187E-01

 Orbitals energies:
              1-0.42110161    
              2 0.51808467    
              3  4.8996687    

 Transformed coefficients C':
 0.28230658     0.38638468     0.87807168    
 0.63796812     0.60795738    -0.47263569    
 0.71644935    -0.69360990     0.74870738E-01

 New coefficients C=XC':
 0.10386587     0.64678283E-01  1.3401063    
 0.42857380      1.3314041     -1.3247446    
 0.58697501     -1.3596179     0.55749037    

 Kinetic energy:
  0.56488405711452272     

 Nuclear-elctron potential energy:
  -1.0587331589188622     

 ===> One-electron energy:
 -0.49384910180433961     

 Coulomb energy:
  0.33611306186421042     

 Exchange-correlation energy
 -0.28761426454833044     

 HF exact exchange energy:
  0.33611306186421036     

 ===> Two-electron energy:
   4.8498797315879971E-002

 ===> Total energy:
 -0.45747500381742962     

 :::::::::::::::: Step number           4 ::::::::::::::::

 Density matrix guess:
 0.10788119E-01 0.44514190E-01 0.60966668E-01
 0.44514190E-01 0.18367550     0.25156211    
 0.60966668E-01 0.25156211     0.34453966    

 Coulomb  matrix:
 0.96709794     0.56532560     0.25025551    
 0.56532560     0.76618615     0.51076949    
 0.25025551     0.51076949     0.53368158    

 Exact exchange  matrix:
 0.46185864     0.51782907     0.37433727    
 0.51782907     0.70863860     0.56119181    
 0.37433727     0.56119181     0.47490984    
 Calculated number of electrons:
  0.99912698048595283     

 Exchange-correlation potential matrix:
-0.99945319    -0.56430205    -0.24762348    
-0.56430205    -0.69163253    -0.43791640    
-0.24762348    -0.43791640    -0.39820027    

 Fock matrix F:
  2.2865606    -0.40902989    -0.48506949    
-0.40902989    -0.25429676    -0.40700582    
-0.48506949    -0.40700582    -0.28614671    

 Transformed Fock matrix F':
  3.8216242     -1.9876354     0.98070076E-01
 -1.9876354      1.1147018    -0.58431769    
 0.98070076E-01-0.58431769     0.60805438E-01

 Orbitals energies:
              1-0.42096520    
              2 0.51822082    
              3  4.8998758    

 Transformed coefficients C':
 0.28235814     0.38635239     0.87806931    
 0.63803650     0.60788168    -0.47264075    
 0.71636813    -0.69369423     0.74866586E-01

 New coefficients C=XC':
 0.10388270     0.64667531E-01  1.3401055    
 0.42872157      1.3313521     -1.3247490    
 0.58681863     -1.3596864     0.55748785    

 Kinetic energy:
  0.56591113546864047     

 Nuclear-elctron potential energy:
  -1.0596934575431998     

 ===> One-electron energy:
 -0.49378232207455930     

 Coulomb energy:
  0.33643113821886322     

 Exchange-correlation energy
 -0.28788635215315489     

 HF exact exchange energy:
  0.33643113821886328     

 ===> Two-electron energy:
   4.8544786065708334E-002

 ===> Total energy:
 -0.45737373252527808     

 :::::::::::::::: Step number           5 ::::::::::::::::

 Density matrix guess:
 0.10791614E-01 0.44536752E-01 0.60960301E-01
 0.44536752E-01 0.18380219     0.25158181    
 0.60960301E-01 0.25158181     0.34435610    

 Coulomb  matrix:
 0.96720613     0.56538456     0.25028109    
 0.56538456     0.76624597     0.51080287    
 0.25028109     0.51080287     0.53370368    

 Exact exchange  matrix:
 0.46197560     0.51793229     0.37438847    
 0.51793229     0.70873016     0.56122346    
 0.37438847     0.56122346     0.47489675    
 Calculated number of electrons:
  0.99912744552081190     

 Exchange-correlation potential matrix:
-0.99954199    -0.56434874    -0.24764351    
-0.56434874    -0.69166896    -0.43793063    
-0.24764351    -0.43793063    -0.39819385    

 Fock matrix F:
  2.2865729    -0.40903176    -0.48507174    
-0.40903176    -0.25428714    -0.40699103    
-0.48507174    -0.40699103    -0.28611652    

 Transformed Fock matrix F':
  3.8216458     -1.9876483     0.98066705E-01
 -1.9876483      1.1147143    -0.58431680    
 0.98066705E-01-0.58431680     0.60839967E-01

 Orbitals energies:
              1-0.42094590    
              2 0.51824024    
              3  4.8999057    

 Transformed coefficients C':
 0.28236533     0.38634774     0.87806904    
 0.63804624     0.60787101    -0.47264134    
 0.71635663    -0.69370617     0.74866024E-01

 New coefficients C=XC':
 0.10388492     0.64665895E-01  1.3401054    
 0.42874264      1.3313449     -1.3247494    
 0.58679643     -1.3596962     0.55748745    

 Kinetic energy:
  0.56605494927033084     

 Nuclear-elctron potential energy:
  -1.0598277960147400     

 ===> One-electron energy:
 -0.49377284674440908     

 Coulomb energy:
  0.33647607347108227     

 Exchange-correlation energy
 -0.28792474498541465     

 HF exact exchange energy:
  0.33647607347108222     

 ===> Two-electron energy:
   4.8551328485667622E-002

 ===> Total energy:
 -0.45735935038015835     

 :::::::::::::::: Step number           6 ::::::::::::::::

 Density matrix guess:
 0.10792076E-01 0.44539894E-01 0.60959299E-01
 0.44539894E-01 0.18382025     0.25158465    
 0.60959299E-01 0.25158465     0.34433005    

 Coulomb  matrix:
 0.96722136     0.56539286     0.25028469    
 0.56539286     0.76625442     0.51080759    
 0.25028469     0.51080759     0.53370681    

 Exact exchange  matrix:
 0.46199197     0.51794679     0.37439565    
 0.51794679     0.70874311     0.56122795    
 0.37439565     0.56122795     0.47489491    
 Calculated number of electrons:
  0.99912751152175083     

 Exchange-correlation potential matrix:
-0.99955439    -0.56435528    -0.24764632    
-0.56435528    -0.69167411    -0.43793265    
-0.24764632    -0.43793265    -0.39819294    

 Fock matrix F:
  2.2865748    -0.40903199    -0.48507203    
-0.40903199    -0.25428579    -0.40698895    
-0.48507203    -0.40698895    -0.28611225    

 Transformed Fock matrix F':
  3.8216489     -1.9876502     0.98066244E-01
 -1.9876502      1.1147160    -0.58431669    
 0.98066244E-01-0.58431669     0.60844858E-01

 Orbitals energies:
              1-0.42094317    
              2 0.51824300    
              3  4.8999100    

 Transformed coefficients C':
 0.28236634     0.38634708     0.87806901    
 0.63804762     0.60786950    -0.47264141    
 0.71635500    -0.69370786     0.74865947E-01

 New coefficients C=XC':
 0.10388522     0.64665654E-01  1.3401054    
 0.42874564      1.3313439     -1.3247495    
 0.58679329     -1.3596976     0.55748739    

 Kinetic energy:
  0.56607515037008738     

 Nuclear-elctron potential energy:
  -1.0598466612548332     

 ===> One-electron energy:
 -0.49377151088474580     

 Coulomb energy:
  0.33648241945396340     

 Exchange-correlation energy
 -0.28793016334034899     

 HF exact exchange energy:
  0.33648241945396340     

 ===> Two-electron energy:
   4.8552256113614412E-002

 ===> Total energy:
 -0.45735731879953501     

 ******************
 End of  SCF cycle
 ******************
