
 Overlap matrix S:
  1.0000000     0.61565089     0.28282059     0.13325672     0.66607913E-01 0.34450332E-01
 0.61565089      1.0000000     0.75152600     0.42543220     0.22732114     0.12067880    
 0.28282059     0.75152600      1.0000000     0.81497831     0.51741618     0.29623148    
 0.13325672     0.42543220     0.81497831      1.0000000     0.85056276     0.57260191    
 0.66607913E-01 0.22732114     0.51741618     0.85056276      1.0000000     0.86679856    
 0.34450332E-01 0.12067880     0.29623148     0.57260191     0.86679856      1.0000000    

 Nuclear matrix N:
 -9.5110006     -4.5040389     -1.9502236    -0.90405188    -0.44948775    -0.23201482    
 -4.5040389     -4.0725401     -2.4482700     -1.2826468    -0.66672506    -0.35018189    
 -1.9502236     -2.4482700     -2.1540772     -1.4388499    -0.83903132    -0.46343815    
-0.90405188     -1.2826468     -1.4388499     -1.2625299    -0.89470382    -0.55054952    
-0.44948775    -0.66672506    -0.83903132    -0.89470382    -0.78675905    -0.57298072    
-0.23201482    -0.35018189    -0.46343815    -0.55054952    -0.57298072    -0.50491007    

 Kinect energy matrix:
  53.284829      10.165614      1.4705857     0.24590512     0.48242391E-01 0.10317641E-01
  10.165614      9.7697151      3.2100944     0.72885669     0.15980536     0.35695668E-01
  1.4705857      3.2100944      2.7332142      1.1391061     0.33290540     0.84335766E-01
 0.24590512     0.72885669      1.1391061     0.93893286     0.44676438     0.14826144    
 0.48242391E-01 0.15980536     0.33290540     0.44676438     0.36461510     0.18438995    
 0.10317641E-01 0.35695668E-01 0.84335766E-01 0.14826144     0.18438995     0.15016864    

 Transformation matrix X=S^(-1/2):
  1.2438805    -0.57716438     0.23364592    -0.11619646     0.50477565E-01-0.14124403E-01
-0.57716438      1.9322041     -1.2333108     0.56379720    -0.24656280     0.65582474E-01
 0.23364592     -1.2333108      2.9341892     -2.0728967     0.88956987    -0.24115839    
-0.11619646     0.56379720     -2.0728967      4.0117548     -2.6288600     0.72972894    
 0.50477565E-01-0.24656280     0.88956987     -2.6288600      4.1228257     -1.8178120    
-0.14124403E-01 0.65582474E-01-0.24115839     0.72972894     -1.8178120      2.0696888    

 XtSX:
  1.0000000    -0.11037178E-15-0.38879490E-15 0.81358531E-15-0.36776138E-15 0.39551695E-15
 0.34369209E-15  1.0000000     0.15265567E-14-0.12732870E-14 0.12212453E-14-0.55511151E-15
-0.37838656E-15 0.13314003E-14  1.0000000    -0.29212743E-14 0.29698466E-14-0.12212453E-14
 0.57592819E-15-0.30357661E-15-0.35943470E-14  1.0000000    -0.44408921E-14 0.22759572E-14
-0.30878078E-15 0.95756736E-15 0.26506575E-14-0.26645353E-14  1.0000000    -0.15543122E-14
 0.28969882E-15-0.67307271E-15-0.13600232E-14 0.16653345E-14-0.19984014E-14  1.0000000    

 Initial Fock matrix F = Hcore:
  43.773829      5.6615747    -0.47963794    -0.65814676    -0.40124536    -0.22169718    
  5.6615747      5.6971751     0.76182434    -0.55379015    -0.50691970    -0.31448622    
-0.47963794     0.76182434     0.57913708    -0.29974382    -0.50612591    -0.37910238    
-0.65814676    -0.55379015    -0.29974382    -0.32359708    -0.44793944    -0.40228808    
-0.40124536    -0.50691970    -0.50612591    -0.44793944    -0.42214394    -0.38859077    
-0.22169718    -0.31448622    -0.37910238    -0.40228808    -0.38859077    -0.35474144    

 Transformed Fock matrix F':
  61.148198     -20.983498      5.3589499     -3.4138154      1.3381468    -0.43522992    
 -20.983498      19.466722     -7.9304183      2.3253921     -1.2978043     0.28852275    
  5.3589499     -7.9304183      6.4085244     -3.0077645     0.67332918    -0.28457409    
 -3.4138154      2.3253921     -3.0077645      2.1672587     -1.0604464     0.58935760E-01
  1.3381468     -1.2978043     0.67332918     -1.0604464     0.49815502    -0.26965643    
-0.43522992     0.28852275    -0.28457409     0.58935760E-01-0.26965643    -0.13195664    

 Orbitals energies:
              1-0.49985965    
              2-0.17139604E-01
              3 0.85346194    
              4  3.6901921    
              5  14.315207    
              6  71.215041    

 Transformed coefficients C':
 0.37526216E-01-0.25634092E-01-0.55962687E-01 0.91950216E-01 0.40052250     0.90880677    
 0.13385076    -0.10257061    -0.17693590     0.50692034     0.72804290    -0.39146168    
 0.30708216    -0.22496913    -0.50738495     0.55109171    -0.52724476     0.12633626    
 0.50181422    -0.39689078    -0.39574615    -0.63502370     0.16336977    -0.64034340E-01
 0.59337093    -0.27520192     0.73511859     0.16257221    -0.68114644E-01 0.26573957E-01
 0.53147881     0.83961459    -0.10539464    -0.34496853E-01 0.14796927E-01-0.77841717E-02

 New coefficients C=XC':
 0.53088018E-02-0.48820383E-02-0.14582885E-02 0.33040053E-01-0.67817109E-01  1.3947946    
 0.29714377E-01-0.67827663E-02-0.95098766E-01-0.15363544      1.9356892     -1.4798917    
 0.10419071    -0.16416768     0.21607511      2.4825779     -2.7541684      1.2240806    
 0.27565660     0.15541723     -2.6385666     -3.8673525      2.3021142    -0.92061677    
 0.40309973     -1.7936303      3.8521613      2.7722424     -1.3655110     0.54682644    
 0.32174014      1.9962720     -1.7316822    -0.93127268     0.44289951    -0.18012141    
 ******************
 Entering SCF cycle
 ******************

 :::::::::::::::: Step number           1 ::::::::::::::::

 Density matrix guess:
 0.28183376E-04 0.15774774E-03 0.55312780E-03 0.14634062E-02 0.21399765E-02 0.17080546E-02
 0.15774774E-03 0.88294419E-03 0.30959619E-02 0.81909640E-02 0.11977857E-01 0.95603077E-02
 0.55312780E-03 0.30959619E-02 0.10855703E-01 0.28720855E-01 0.41999245E-01 0.33522332E-01
 0.14634062E-02 0.81909640E-02 0.28720855E-01 0.75986559E-01 0.11111710     0.88689791E-01
 0.21399765E-02 0.11977857E-01 0.41999245E-01 0.11111710     0.16248939     0.12969336    
 0.17080546E-02 0.95603077E-02 0.33522332E-01 0.88689791E-01 0.12969336     0.10351672    

 Coulomb  matrix:
 0.98873338     0.60429258     0.27700591     0.13043467     0.65183620E-01 0.33710990E-01
 0.60429258     0.94861060     0.69617220     0.39008693     0.20761987     0.11004790    
 0.27700591     0.69617220     0.86400221     0.67032653     0.41515134     0.23503744    
 0.13043467     0.39008693     0.67032653     0.73498986     0.57771006     0.37226655    
 0.65183620E-01 0.20761987     0.41515134     0.57771006     0.58271061     0.45332490    
 0.33710990E-01 0.11004790     0.23503744     0.37226655     0.45332490     0.43260713    

 Exact exchange  matrix:
 0.80288787E-01 0.13127501     0.14648427     0.13516240     0.10826714     0.76624915E-01
 0.13127501     0.28434828     0.36511555     0.35646222     0.29231229     0.20910829    
 0.14648427     0.36511555     0.53970293     0.57419601     0.49165635     0.35929577    
 0.13516240     0.35646222     0.57419601     0.66066701     0.59541788     0.44791614    
 0.10826714     0.29231229     0.49165635     0.59541788     0.55995804     0.43335183    
 0.76624915E-01 0.20910829     0.35929577     0.44791614     0.43335183     0.34272072    
 Calculated number of electrons:
  0.99830340141921103     

 Exchange-correlation potential matrix:
-0.61217964    -0.36724587    -0.16754746    -0.78787942E-01-0.39356220E-01-0.20350453E-01
-0.36724587    -0.54535204    -0.38987347    -0.21633666    -0.11473431    -0.60729796E-01
-0.16754746    -0.38987347    -0.45740729    -0.34404102    -0.21006417    -0.11819227    
-0.78787942E-01-0.21633666    -0.34404102    -0.35508686    -0.26834738    -0.16921152    
-0.39356220E-01-0.11473431    -0.21006417    -0.26834738    -0.25053422    -0.18376185    
-0.20350453E-01-0.60729796E-01-0.11819227    -0.16921152    -0.18376185    -0.15565466    

 Fock matrix F:
  44.150383      5.8986214    -0.37017948    -0.60650003    -0.37541796    -0.20833664    
  5.8986214      6.1004336      1.0681231    -0.38003988    -0.41403414    -0.26516811    
-0.37017948      1.0681231     0.98573200     0.26541693E-01-0.30103874    -0.26225721    
-0.60650003    -0.38003988     0.26541693E-01 0.56305918E-01-0.13857677    -0.19923305    
-0.37541796    -0.41403414    -0.30103874    -0.13857677    -0.89967553E-01-0.11902772    
-0.20833664    -0.26516811    -0.26225721    -0.19923305    -0.11902772    -0.77788963E-01

 Transformed Fock matrix F':
  61.523571     -20.986629      5.3546297     -3.4132834      1.3375910    -0.43519267    
 -20.986629      19.873224     -7.9257715      2.3241457     -1.2975940     0.28885620    
  5.3546297     -7.9257715      6.8067241     -2.9892926     0.67962788    -0.28220767    
 -3.4132834      2.3241457     -2.9892926      2.5115889     -1.0307877     0.68570967E-01
  1.3375910     -1.2975940     0.67962788     -1.0307877     0.77165595    -0.23745607    
-0.43519267     0.28885620    -0.28220767     0.68570967E-01-0.23745607     0.90366799E-01

 Orbitals energies:
              1-0.16365849    
              2 0.23112623    
              3  1.1587660    
              4  4.0503846    
              5  14.704913    
              6  71.595599    

 Transformed coefficients C':
 0.33065831E-01-0.26947380E-01-0.57228834E-01 0.92362201E-01 0.40070982     0.90873880    
 0.11650369    -0.10824779    -0.17872319     0.50844630     0.72859717    -0.39165783    
 0.26647385    -0.23223340    -0.51748204     0.56002064    -0.52697446     0.12627936    
 0.44101295    -0.43327719    -0.43883265    -0.62847363     0.16166830    -0.63942348E-01
 0.56698215    -0.38861143     0.70641381     0.15251354    -0.67297397E-01 0.26506720E-01
 0.63116088     0.77128200    -0.73489158E-01-0.32999830E-01 0.14496242E-01-0.77606213E-02

 New coefficients C=XC':
 0.46096568E-02-0.54677212E-02-0.12539038E-02 0.33468014E-01-0.67597653E-01  1.3947956    
 0.27617660E-01-0.50685535E-02-0.10049062    -0.15566571      1.9351381     -1.4800913    
 0.83911315E-01-0.18776900     0.24444146      2.4841048     -2.7496886      1.2238835    
 0.24876502     0.26972727     -2.6926061     -3.8312363      2.2926510    -0.92003850    
 0.24086620     -2.0464560      3.7804814      2.7184192     -1.3570089     0.54625890    
 0.54037077      2.0358479     -1.6425737    -0.90716879     0.43951849    -0.17988149    

 Kinetic energy:
  0.50052234986325683     

 Nuclear-elctron potential energy:
  -1.0003819954687683     

 ===> One-electron energy:
 -0.49985964560551133     

 Coulomb energy:
  0.31287652718695907     

 Exchange-correlation energy
 -0.21335650046869215     

 HF exact exchange energy:
  0.31287652718695913     

 ===> Two-electron energy:
   9.9520026718266930E-002

 ===> Total energy:
 -0.40033961888724440     

 :::::::::::::::: Step number           2 ::::::::::::::::

 Density matrix guess:
 0.21248936E-04 0.12730794E-03 0.38680237E-03 0.11467214E-02 0.11103105E-02 0.24909238E-02
 0.12730794E-03 0.76273516E-03 0.23174342E-02 0.68703078E-02 0.66521608E-02 0.14923776E-01
 0.38680237E-03 0.23174342E-02 0.70411088E-02 0.20874200E-01 0.20211399E-01 0.45343222E-01
 0.11467214E-02 0.68703078E-02 0.20874200E-01 0.61884035E-01 0.59919085E-01 0.13442535    
 0.11103105E-02 0.66521608E-02 0.20211399E-01 0.59919085E-01 0.58016525E-01 0.13015705    
 0.24909238E-02 0.14923776E-01 0.45343222E-01 0.13442535     0.13015705     0.29200057    

 Coulomb  matrix:
 0.87613877     0.53592770     0.24572875     0.11571553     0.57829259E-01 0.29907813E-01
 0.53592770     0.84463485     0.62159081     0.34871432     0.18568497     0.98439431E-01
 0.24572875     0.62159081     0.77774825     0.60683966     0.37689337     0.21364721    
 0.11571553     0.34871432     0.60683966     0.67376342     0.53401267     0.34563599    
 0.57829259E-01 0.18568497     0.37689337     0.53401267     0.54670611     0.42931501    
 0.29907813E-01 0.98439431E-01 0.21364721     0.34563599     0.42931501     0.41548032    

 Exact exchange  matrix:
 0.62985342E-01 0.10325580     0.11634501     0.10967288     0.90928653E-01 0.67077063E-01
 0.10325580     0.22446158     0.29141310     0.29092374     0.24709527     0.18432946    
 0.11634501     0.29141310     0.43689255     0.47680236     0.42384346     0.32349187    
 0.10967288     0.29092374     0.47680236     0.56567845     0.53197944     0.41949822    
 0.90928653E-01 0.24709527     0.42384346     0.53197944     0.52562620     0.42893565    
 0.67077063E-01 0.18432946     0.32349187     0.41949822     0.42893565     0.35988221    
 Calculated number of electrons:
  0.99831804660107437     

 Exchange-correlation potential matrix:
-0.56449604    -0.33871050    -0.15453745    -0.72671255E-01-0.36301002E-01-0.18770688E-01
-0.33871050    -0.50348354    -0.36031552    -0.20004290    -0.10611620    -0.56173188E-01
-0.15453745    -0.36031552    -0.42464924    -0.32072727    -0.19628205    -0.11055780    
-0.72671255E-01-0.20004290    -0.32072727    -0.33486180    -0.25552008    -0.16207942    
-0.36301002E-01-0.10611620    -0.19628205    -0.25552008    -0.24396848    -0.18227263    
-0.18770688E-01-0.56173188E-01-0.11055780    -0.16207942    -0.18227263    -0.16010112    

 Fock matrix F:
  44.085472      5.8587919    -0.38844664    -0.61510248    -0.37971710    -0.21056005    
  5.8587919      6.0383264      1.0230996    -0.40511873    -0.42735093    -0.27221998    
-0.38844664      1.0230996     0.93223609    -0.13631420E-01-0.32551459    -0.27601298    
-0.61510248    -0.40511873    -0.13631420E-01 0.15304539E-01-0.16944685    -0.21873152    
-0.37971710    -0.42735093    -0.32551459    -0.16944685    -0.11940631    -0.14154839    
-0.21056005    -0.27221998    -0.27601298    -0.21873152    -0.14154839    -0.99362243E-01

 Transformed Fock matrix F':
  61.458958     -20.987648      5.3545275     -3.4132468      1.3374094    -0.43520286    
 -20.987648      19.812736     -7.9290468      2.3224674     -1.2975821     0.28850615    
  5.3545275     -7.9290468      6.7591691     -2.9943099     0.67663323    -0.28300712    
 -3.4132468      2.3224674     -2.9943099      2.4803265     -1.0348347     0.66910993E-01
  1.3374094     -1.2975821     0.67663323     -1.0348347     0.75180713    -0.24019240    
-0.43520286     0.28850615    -0.28300712     0.66910993E-01-0.24019240     0.74644618E-01

 Orbitals energies:
              1-0.19464901    
              2 0.20957692    
              3  1.1296273    
              4  4.0093875    
              5  14.650634    
              6  71.533064    

 Transformed coefficients C':
 0.34213924E-01-0.26811729E-01-0.57120199E-01 0.92408853E-01 0.40068862     0.90871176    
 0.12090587    -0.10771394    -0.17885009     0.50818151     0.72809174    -0.39169644    
 0.27615165    -0.23129674    -0.51549237     0.55702228    -0.52751813     0.12633489    
 0.45353178    -0.42609640    -0.42926211    -0.63094694     0.16216676    -0.63974424E-01
 0.57143068    -0.36824451     0.71335043     0.15409333    -0.67424388E-01 0.26520133E-01
 0.61296602     0.78550525    -0.76699049E-01-0.33159400E-01 0.14545500E-01-0.77651450E-02

 New coefficients C=XC':
 0.47850473E-02-0.53954676E-02-0.12972345E-02 0.33347702E-01-0.67524357E-01  1.3948017    
 0.28293159E-01-0.53109412E-02-0.99777383E-01-0.15430078      1.9351599     -1.4802404    
 0.89541698E-01-0.18584467     0.23756739      2.4822153     -2.7518236      1.2241672    
 0.25630306     0.25371580     -2.6789978     -3.8393675      2.2958649    -0.92033949    
 0.26695292     -2.0065108      3.7915620      2.7291248     -1.3592925     0.54646430    
 0.50170044      2.0333096     -1.6553324    -0.91147060     0.44031329    -0.17995419    

 Kinetic energy:
  0.39352996204479368     

 Nuclear-elctron potential energy:
 -0.88526551341797810     

 ===> One-electron energy:
 -0.49173555137318437     

 Coulomb energy:
  0.27172206293786794     

 Exchange-correlation energy
 -0.18580096487863154     

 HF exact exchange energy:
  0.27172206293786788     

 ===> Two-electron energy:
   8.5921098059236395E-002

 ===> Total energy:
 -0.40581445331394794     

 :::::::::::::::: Step number           3 ::::::::::::::::

 Density matrix guess:
 0.22896677E-04 0.13538410E-03 0.42846125E-03 0.12264223E-02 0.12773824E-02 0.24006603E-02
 0.13538410E-03 0.80050282E-03 0.25334174E-02 0.72516232E-02 0.75529414E-02 0.14194690E-01
 0.42846125E-03 0.25334174E-02 0.80177156E-02 0.22949811E-01 0.23903418E-01 0.44923109E-01
 0.12264223E-02 0.72516232E-02 0.22949811E-01 0.65691261E-01 0.68420853E-01 0.12858736    
 0.12773824E-02 0.75529414E-02 0.23903418E-01 0.68420853E-01 0.71263864E-01 0.13393040    
 0.24006603E-02 0.14194690E-01 0.44923109E-01 0.12858736     0.13393040     0.25170333    

 Coulomb  matrix:
 0.90079901     0.55088463     0.25256944     0.11893449     0.59437549E-01 0.30739502E-01
 0.55088463     0.86727528     0.63778205     0.35768511     0.19043891     0.10095487    
 0.25256944     0.63778205     0.79633090     0.62045551     0.38508165     0.21822131    
 0.11893449     0.35768511     0.62045551     0.68678719     0.54326775     0.35126520    
 0.59437549E-01 0.19043891     0.38508165     0.54326775     0.55428723     0.43435693    
 0.30739502E-01 0.10095487     0.21822131     0.35126520     0.43435693     0.41906644    

 Exact exchange  matrix:
 0.67061579E-01 0.10978320     0.12327130     0.11550443     0.94993007E-01 0.69477162E-01
 0.10978320     0.23820942     0.30805576     0.30562465     0.25746592     0.19041742    
 0.12327130     0.30805576     0.45960355     0.49805474     0.43891194     0.33203499    
 0.11550443     0.30562465     0.49805474     0.58599741     0.54573555     0.42625672    
 0.94993007E-01 0.25746592     0.43891194     0.54573555     0.53325617     0.43056025    
 0.69477162E-01 0.19041742     0.33203499     0.42625672     0.43056025     0.35704810    
 Calculated number of electrons:
  0.99820955820069734     

 Exchange-correlation potential matrix:
-0.57648638    -0.34586013    -0.15779370    -0.74201711E-01-0.37065368E-01-0.19165905E-01
-0.34586013    -0.51380334    -0.36752366    -0.20399885    -0.10820510    -0.57276914E-01
-0.15779370    -0.36752366    -0.43241465    -0.32615616    -0.19946470    -0.11231443    
-0.74201711E-01-0.20399885    -0.32615616    -0.33941397    -0.25836002    -0.16365029    
-0.37065368E-01-0.10820510    -0.19946470    -0.25836002    -0.24543214    -0.18267710    
-0.19165905E-01-0.57276914E-01-0.11231443    -0.16365029    -0.18267710    -0.15937400    

 Fock matrix F:
  44.098141      5.8665992    -0.38486219    -0.61341398    -0.37887318    -0.21012358    
  5.8665992      6.0506470      1.0320827    -0.40010390    -0.42468589    -0.27080826    
-0.38486219      1.0320827     0.94305333    -0.54444688E-02-0.32050896    -0.27319550    
-0.61341398    -0.40010390    -0.54444688E-02 0.23776134E-01-0.16303171    -0.21467317    
-0.37887318    -0.42468589    -0.32050896    -0.16303171    -0.11328885    -0.13691094    
-0.21012358    -0.27080826    -0.27319550    -0.21467317    -0.13691094    -0.95048997E-01

 Transformed Fock matrix F':
  61.471566     -20.987482      5.3545228     -3.4132491      1.3374380    -0.43520089    
 -20.987482      19.824790     -7.9284451      2.3227519     -1.2975812     0.28857091    
  5.3545228     -7.9284451      6.7688861     -2.9933148     0.67718672    -0.28285730    
 -3.4132491      2.3227519     -2.9933148      2.4868558     -1.0338999     0.67284423E-01
  1.3374380     -1.2975812     0.67718672     -1.0338999     0.75581986    -0.23946717    
-0.43520089     0.28857091    -0.28285730     0.67284423E-01-0.23946717     0.77506975E-01

 Orbitals energies:
              1-0.18824339    
              2 0.21365465    
              3  1.1354775    
              4  4.0177113    
              5  14.661493    
              6  71.545332    

 Transformed coefficients C':
 0.33977523E-01-0.26850985E-01-0.57147993E-01 0.92403047E-01 0.40069346     0.90871618    
 0.11999813    -0.10787076    -0.17884102     0.50823778     0.72818473    -0.39169068    
 0.27414413    -0.23156497    -0.51591235     0.55760819    -0.52742039     0.12632477    
 0.45085389    -0.42768212    -0.43123665    -0.63047265     0.16206803    -0.63968155E-01
 0.57040733    -0.37268842     0.71193907     0.15374085    -0.67395587E-01 0.26517253E-01
 0.61697424     0.78243973    -0.75908949E-01-0.33123072E-01 0.14535064E-01-0.77642014E-02

 New coefficients C=XC':
 0.47487450E-02-0.54132176E-02-0.12881358E-02 0.33371486E-01-0.67536107E-01  1.3948006    
 0.28156979E-01-0.52598620E-02-0.99939287E-01-0.15455463      1.9351528     -1.4802151    
 0.88389558E-01-0.18637432     0.23896438      2.4825582     -2.7514175      1.2241157    
 0.25485227     0.25727186     -2.6817534     -3.8376937      2.2952347    -0.92028237    
 0.26091349     -2.0152930      3.7891204      2.7268657     -1.3588309     0.54642404    
 0.51033026      2.0339409     -1.6524702    -0.91054608     0.44014975    -0.17993967    

 Kinetic energy:
  0.41590109310205092     

 Nuclear-elctron potential energy:
 -0.91052339731700938     

 ===> One-electron energy:
 -0.49462230421495845     

 Coulomb energy:
  0.27991764330000729     

 Exchange-correlation energy
 -0.19137518907548001     

 HF exact exchange energy:
  0.27991764330000735     

 ===> Two-electron energy:
   8.8542454224527278E-002

 ===> Total energy:
 -0.40607984999043117     

 :::::::::::::::: Step number           4 ::::::::::::::::

 Density matrix guess:
 0.22550579E-04 0.13371031E-03 0.41973947E-03 0.12102284E-02 0.12390116E-02 0.24234283E-02
 0.13371031E-03 0.79281548E-03 0.24887830E-02 0.71758700E-02 0.73465358E-02 0.14369359E-01
 0.41973947E-03 0.24887830E-02 0.78127140E-02 0.22526279E-01 0.23062028E-01 0.45107867E-01
 0.12102284E-02 0.71758700E-02 0.22526279E-01 0.64949678E-01 0.66494395E-01 0.13005882    
 0.12390116E-02 0.73465358E-02 0.23062028E-01 0.66494395E-01 0.68075851E-01 0.13315205    
 0.24234283E-02 0.14369359E-01 0.45107867E-01 0.13005882     0.13315205     0.26043698    

 Coulomb  matrix:
 0.89556679     0.54771060     0.25111769     0.11825134     0.59096227E-01 0.30562995E-01
 0.54771060     0.86246676     0.63434135     0.35577833     0.18942835     0.10042014    
 0.25111769     0.63434135     0.79237597     0.61755477     0.38333637     0.21724616    
 0.11825134     0.35577833     0.61755477     0.68400693     0.54128959     0.35006128    
 0.59096227E-01 0.18942835     0.38333637     0.54128959     0.55266368     0.43327600    
 0.30562995E-01 0.10042014     0.21724616     0.35006128     0.43327600     0.41829652    

 Exact exchange  matrix:
 0.66206993E-01 0.10841301     0.12181482     0.11427739     0.94141532E-01 0.68980693E-01
 0.10841301     0.23531856     0.30454835     0.30252314     0.25528680     0.18915448    
 0.12181482     0.30454835     0.45480142     0.49355038     0.43572798     0.33025374    
 0.11427739     0.30252314     0.49355038     0.58167129     0.54281001     0.42484195    
 0.94141532E-01 0.25528680     0.43572798     0.54281001     0.53163381     0.43023450    
 0.68980693E-01 0.18915448     0.33025374     0.42484195     0.43023450     0.35768073    
 Calculated number of electrons:
  0.99814855299737992     

 Exchange-correlation potential matrix:
-0.57401472    -0.34438565    -0.15712206    -0.73886025E-01-0.36907701E-01-0.19084382E-01
-0.34438565    -0.51167025    -0.36603136    -0.20317929    -0.10777222    -0.57048169E-01
-0.15712206    -0.36603136    -0.43079939    -0.32502311    -0.19879934    -0.11194691    
-0.73886025E-01-0.20317929    -0.32502311    -0.33845680    -0.25776015    -0.16331780    
-0.36907701E-01-0.10777222    -0.19879934    -0.25776015    -0.24512175    -0.18259279    
-0.19084382E-01-0.57048169E-01-0.11194691    -0.16331780    -0.18259279    -0.15952991    

 Fock matrix F:
  44.095381      5.8648997    -0.38564230    -0.61378144    -0.37905683    -0.21021857    
  5.8648997      6.0479716      1.0301343    -0.40119111    -0.42526357    -0.27111425    
-0.38564230      1.0301343     0.94071367    -0.72121636E-02-0.32158888    -0.27380313    
-0.61378144    -0.40119111    -0.72121636E-02 0.21953041E-01-0.16441000    -0.21554460    
-0.37905683    -0.42526357    -0.32158888    -0.16441000    -0.11460201    -0.13790756    
-0.21021857    -0.27111425    -0.27380313    -0.21554460    -0.13790756    -0.95974824E-01

 Transformed Fock matrix F':
  61.468819     -20.987520      5.3545227     -3.4132484      1.3374316    -0.43520149    
 -20.987520      19.822175     -7.9285782      2.3226882     -1.2975818     0.28855739    
  5.3545227     -7.9285782      6.7667896     -2.9935325     0.67706651    -0.28289314    
 -3.4132484      2.3226882     -2.9935325      2.4854577     -1.0341044     0.67213535E-01
  1.3374316     -1.2975818     0.67706651     -1.0341044     0.75497389    -0.23963773    
-0.43520149     0.28855739    -0.28289314     0.67213535E-01-0.23963773     0.76902169E-01

 Orbitals energies:
              1-0.18961855    
              2 0.21278688    
              3  1.1342279    
              4  4.0159183    
              5  14.659141    
              6  71.542662    

 Transformed coefficients C':
 0.34028846E-01-0.26843493E-01-0.57141943E-01 0.92404417E-01 0.40069243     0.90871517    
 0.12019552    -0.10783959    -0.17884308     0.50822555     0.72816411    -0.39169202    
 0.27457946    -0.23151489    -0.51581996     0.55747920    -0.52744211     0.12632702    
 0.45143288    -0.42734785    -0.43080131    -0.63057691     0.16208967    -0.63969535E-01
 0.57063233    -0.37171554     0.71224994     0.15381839    -0.67401995E-01 0.26517894E-01
 0.61610737     0.78310426    -0.76091914E-01-0.33133485E-01 0.14537660E-01-0.77644340E-02

 New coefficients C=XC':
 0.47567016E-02-0.54093088E-02-0.12901422E-02 0.33366283E-01-0.67533425E-01  1.3948009    
 0.28185941E-01-0.52735478E-02-0.99903914E-01-0.15449854      1.9351542     -1.4802208    
 0.88644494E-01-0.18625178     0.23865767      2.4824827     -2.7515073      1.2241272    
 0.25515386     0.25645309     -2.6811511     -3.8380631      2.2953738    -0.92029505    
 0.26223604     -2.0133314      3.7896732      2.7273668     -1.3589333     0.54643300    
 0.50845684      2.0337815     -1.6531188    -0.91075439     0.44018646    -0.17994294    

 Kinetic energy:
  0.41111269237149262     

 Nuclear-elctron potential energy:
 -0.90516595410126754     

 ===> One-electron energy:
 -0.49405326172977498     

 Coulomb energy:
  0.27814128708589875     

 Exchange-correlation energy
 -0.19017033877080750     

 HF exact exchange energy:
  0.27814128708589880     

 ===> Two-electron energy:
   8.7970948315091252E-002

 ===> Total energy:
 -0.40608231341468370     

 ******************
 End of  SCF cycle
 ******************
