
 Overlap matrix S:
  1.0000000     0.61565089     0.28282059     0.13325672     0.66607913E-01 0.34450332E-01 0.27036372     0.84861168E-01 0.35670423E-01 0.17472761E-01 0.93567011E-02 0.52144820E-02 0.41576627E-01 0.15539755E-01 0.74537025E-02 0.40802243E-02 0.24076438E-02 0.14645501E-02
 0.61565089      1.0000000     0.75152600     0.42543220     0.22732114     0.12067880     0.73036974     0.28477310     0.12484245     0.61889706E-01 0.33283934E-01 0.18582181E-01 0.14487317     0.55103068E-01 0.26537353E-01 0.14546296E-01 0.85881463E-02 0.52254640E-02
 0.28282059     0.75152600      1.0000000     0.81497831     0.51741618     0.29623148     0.99917550     0.61889404     0.30564304     0.15713678     0.85635783E-01 0.48077289E-01 0.35006402     0.14037935     0.68461575E-01 0.37685145E-01 0.22287857E-01 0.13572219E-01
 0.13325672     0.42543220     0.81497831      1.0000000     0.85056276     0.57260191     0.83450197     0.93199025     0.58718849     0.32951567     0.18575085     0.10581016     0.65275872     0.29689157     0.14953974     0.83227484E-01 0.49447626E-01 0.30176761E-01
 0.66607913E-01 0.22732114     0.51741618     0.85056276      1.0000000     0.86679856     0.53728957     0.98009448     0.87923214     0.58427233     0.35453945     0.20881054     0.92837782     0.53602001     0.29000052     0.16558696     0.99445458E-01 0.61004411E-01
 0.34450332E-01 0.12067880     0.29623148     0.57260191     0.86679856      1.0000000     0.30968083     0.76998137     0.99959168     0.86095011     0.60098578     0.37983120     0.98816625     0.81596721     0.50808949     0.30666798     0.18870098     0.11714069    
 0.27036372     0.73036974     0.99917550     0.83450197     0.53728957     0.30968083      1.0000000     0.64014337     0.31944264     0.16478447     0.89915702E-01 0.50506778E-01 0.36543441     0.14725811     0.71901460E-01 0.39594459E-01 0.23420919E-01 0.14263315E-01
 0.84861168E-01 0.28477310     0.61889404     0.93199025     0.98009448     0.76998137     0.64014337      1.0000000     0.78451399     0.48550862     0.28519285     0.16546612     0.84574033     0.44191607     0.23161984     0.13073177     0.78128901E-01 0.47814793E-01
 0.35670423E-01 0.12484245     0.30564304     0.58718849     0.87923214     0.99959168     0.31944264     0.78451399      1.0000000     0.84794299     0.58627704     0.36863694     0.99211680     0.80191720     0.49447795     0.29723012     0.18255729     0.11322375    
 0.17472761E-01 0.61889706E-01 0.15713678     0.32951567     0.58427233     0.86095011     0.16478447     0.48550862     0.84794299      1.0000000     0.88090195     0.64199921     0.78691746     0.99541407     0.79410683     0.53934567     0.35106791     0.22426265    
 0.93567011E-02 0.33283934E-01 0.85635783E-01 0.18575085     0.35453945     0.60098578     0.89915702E-01 0.28519285     0.58627704     0.88090195      1.0000000     0.89465663     0.52323182     0.91903251     0.98294932     0.80331328     0.57953354     0.39185105    
 0.52144820E-02 0.18582181E-01 0.48077289E-01 0.10581016     0.20881054     0.37983120     0.50506778E-01 0.16546612     0.36863694     0.64199921     0.89465663      1.0000000     0.32232317     0.69258177     0.95867833     0.98021635     0.82617976     0.61654534    
 0.41576627E-01 0.14487317     0.35006402     0.65275872     0.92837782     0.98816625     0.36543441     0.84574033     0.99211680     0.78691746     0.52323182     0.32232317      1.0000000     0.73762073     0.43712151     0.25851227     0.15763366     0.97418720E-01
 0.15539755E-01 0.55103068E-01 0.14037935     0.29689157     0.53602001     0.81596721     0.14725811     0.44191607     0.80191720     0.99541407     0.91903251     0.69258177     0.73762073      1.0000000     0.84065653     0.58772141     0.38826717     0.24997252    
 0.74537025E-02 0.26537353E-01 0.68461575E-01 0.14953974     0.29000052     0.50808949     0.71901460E-01 0.23161984     0.49447795     0.79410683     0.98294932     0.95867833     0.43712151     0.84065653      1.0000000     0.88867875     0.67645419     0.47233315    
 0.40802243E-02 0.14546296E-01 0.37685145E-01 0.83227484E-01 0.16558696     0.30666798     0.39594459E-01 0.13073177     0.29723012     0.53934567     0.80331328     0.98021635     0.25851227     0.58772141     0.88867875      1.0000000     0.91306887     0.72194794    
 0.24076438E-02 0.85881463E-02 0.22287857E-01 0.49447626E-01 0.99445458E-01 0.18870098     0.23420919E-01 0.78128901E-01 0.18255729     0.35106791     0.57953354     0.82617976     0.15763366     0.38826717     0.67645419     0.91306887      1.0000000     0.92226434    
 0.14645501E-02 0.52254640E-02 0.13572219E-01 0.30176761E-01 0.61004411E-01 0.11714069     0.14263315E-01 0.47814793E-01 0.11322375     0.22426265     0.39185105     0.61654534     0.97418720E-01 0.24997252     0.47233315     0.72194794     0.92226434      1.0000000    

 Nuclear matrix N:
 -976.56502     -462.46310     -200.24393     -92.825716     -46.152243     -23.822683     -191.12421     -58.877387     -24.668043     -12.072418     -6.4627303     -3.6011934     -28.762166     -10.735967     -5.1479854     -2.8177704     -1.6626312     -1.0113452    
 -462.46310     -418.15792     -251.38205     -131.69887     -68.457610     -35.955773     -242.58551     -86.356443     -37.209767     -18.356298     -9.8547031     -5.4978096     -43.258054     -16.336103     -7.8544164     -4.3029944     -2.5399215     -1.5452524    
 -200.24393     -251.38205     -221.17509     -147.73740     -86.149573     -47.584634     -217.41799     -105.37500     -49.157492     -24.845972     -13.457216     -7.5355767     -56.650610     -22.161444     -10.744958     -5.9031057     -3.4884365     -2.1234794    
 -92.825716     -131.69887     -147.73740     -129.63332     -91.865882     -56.529005     -147.61916     -105.98828     -58.159671     -31.163413     -17.263512     -9.7610901     -65.704979     -27.954476     -13.848458     -7.6642294     -4.5429623     -2.7694026    
 -46.152243     -68.457610     -86.149573     -91.865882     -80.782390     -58.832183     -86.888734     -86.522473     -60.090524     -36.038874     -20.969352     -12.123138     -65.596353     -32.719512     -17.000547     -9.5706502     -5.7138938     -3.4952524    
 -23.822683     -35.955773     -47.584634     -56.529005     -58.832183     -51.842864     -48.208123     -59.014208     -52.437042     -37.385151     -23.882012     -14.471937     -54.781764     -34.685990     -19.792925     -11.562607     -7.0158094     -4.3257596    
 -191.12421     -242.58551     -217.41799     -147.61916     -86.888734     -48.208123     -213.95989     -106.00092     -49.793582     -25.223945     -13.673305     -7.6592756     -57.338190     -22.503330     -10.919347     -6.0005094     -3.5463858     -2.1588668    
 -58.877387     -86.356443     -105.37500     -105.98828     -86.522473     -59.014208     -106.00092     -95.188369     -60.455758     -34.577418     -19.687987     -11.269027     -66.914691     -31.228151     -15.885997     -8.8745232     -5.2810093     -3.2253696    
 -24.668043     -37.209767     -49.157492     -58.159671     -60.090524     -52.437042     -49.793582     -60.455758     -53.066919     -37.441999     -23.766440     -14.352677     -55.572335     -34.689077     -19.665964     -11.457050     -6.9432356     -4.2784158    
 -12.072418     -18.356298     -24.845972     -31.163413     -36.038874     -37.385151     -25.223945     -34.577418     -37.441999     -32.915868     -24.554889     -16.362415     -37.502506     -31.554863     -21.240299     -13.423933     -8.4563040     -5.3143886    
 -6.4627303     -9.8547031     -13.457216     -17.263512     -20.969352     -23.882012     -13.673305     -19.687987     -23.766440     -24.554889     -21.692048     -16.572052     -23.192695     -24.288386     -19.878169     -14.212569     -9.5885554     -6.2585970    
 -3.6011934     -5.4978096     -7.5355767     -9.7610901     -12.123138     -14.471937     -7.6592756     -11.269027     -14.352677     -16.362415     -16.572052     -14.686224     -13.816168     -16.549959     -16.085789     -13.353713     -9.9935999     -6.9664435    
 -28.762166     -43.258054     -56.650610     -65.704979     -65.596353     -54.781764     -57.338190     -66.914691     -55.572335     -37.502506     -23.192695     -13.816168     -58.813409     -34.539924     -19.069749     -10.989838     -6.6280839     -4.0745453    
 -10.735967     -16.336103     -22.161444     -27.954476     -32.719512     -34.685990     -22.503330     -31.228151     -34.689077     -31.554863     -24.288386     -16.549959     -34.539924     -30.436094     -21.215122     -13.669138     -8.6962514     -5.4937471    
 -5.1479854     -7.8544164     -10.744958     -13.848458     -17.000547     -19.792925     -10.919347     -15.885997     -19.665964     -21.240299     -19.878169     -16.085789     -19.069749     -21.215122     -18.638489     -14.091835     -9.8532944     -6.5707811    
 -2.8177704     -4.3029944     -5.9031057     -7.6642294     -9.5706502     -11.562607     -6.0005094     -8.8745232     -11.457050     -13.423933     -14.212569     -13.353713     -10.989838     -13.669138     -14.091835     -12.469949     -9.8435527     -7.1315229    
 -1.6626312     -2.5399215     -3.4884365     -4.5429623     -5.7138938     -7.0158094     -3.5463858     -5.2810093     -6.9432356     -8.4563040     -9.5885554     -9.9935999     -6.6280839     -8.6962514     -9.8532944     -9.8435527     -8.7720486     -7.0420670    
 -1.0113452     -1.5452524     -2.1234794     -2.7694026     -3.4952524     -4.3257596     -2.1588668     -3.2253696     -4.2784158     -5.3143886     -6.2585970     -6.9664435     -4.0745453     -5.4937471     -6.5707811     -7.1315229     -7.0420670     -6.2973629    

 Kinect energy matrix:
  3901.1350      744.25369      107.66579      18.003418      3.5319636     0.75538406      96.620552      6.2314442     0.81939654     0.15470263     0.36002139E-01 0.91992394E-02  1.1723256     0.11765733     0.21176488E-01 0.51899264E-02 0.15155766E-02 0.47514075E-03
  744.25369      715.26883      235.02020      53.361686      11.699808      2.6133821      216.78669      20.069866      2.8306748     0.54521147     0.12778718     0.32749168E-01  4.0202396     0.41541055     0.75272388E-01 0.18489040E-01 0.54041707E-02 0.16949718E-02
  107.66579      235.02020      200.10644      83.397222      24.372958      6.1744630      193.31261      38.708165      6.6584465      1.3626780     0.32652583     0.84463350E-01  9.2522423      1.0441250     0.19320293     0.47790308E-01 0.14008976E-01 0.43998212E-02
  18.003418      53.361686      83.397222      68.741964      32.708900      10.854644      83.923436      44.885713      11.586663      2.7439154     0.69559620     0.18434347      15.319201      2.1325079     0.41639966     0.10490944     0.30987181E-01 0.97675367E-02
  3.5319636      11.699808      24.372958      32.708900      26.694516      13.499716      25.106436      30.418361      14.150392      4.4415667      1.2730541     0.35667244      17.170764      3.5573720     0.78255348     0.20575335     0.61874918E-01 0.19672798E-01
 0.75538406      2.6133821      6.1744630      10.854644      13.499716      10.994276      6.4318198      13.057556      11.246203      5.4389232      1.9688768     0.62044819      12.227491      4.5989047      1.2787590     0.36879896     0.11548767     0.37452660E-01
  96.620552      216.78669      193.31261      83.923436      25.106436      6.4318198      187.26360      39.612627      6.9331888      1.4268778     0.34262112     0.88704830E-01  9.6149365      1.0938941     0.20281243     0.50200691E-01 0.14719574E-01 0.46236026E-02
  6.2314442      20.069866      38.708165      44.885713      30.418361      13.057556      39.612627      37.064353      13.788940      3.8439060      1.0436883     0.28518794      17.321173      3.0385131     0.63398091     0.16350803     0.48770786E-01 0.15445491E-01
 0.81939654      2.8306748      6.6584465      11.586663      14.150392      11.246203      6.9331888      13.788940      11.519573      5.4278636      1.9338282     0.60420935      12.599700      4.5731698      1.2510311     0.35834270     0.11186962     0.36224341E-01
 0.15470263     0.54521147      1.3626780      2.7439154      4.4415667      5.4389232      1.4268778      3.8439060      5.4278636      4.4319951      2.3643248     0.94477474      5.3115216      4.0668283      1.7089770     0.60002675     0.20635431     0.70190917E-01
 0.36002139E-01 0.12778718     0.32652583     0.69559620      1.2730541      1.9688768     0.34262112      1.0436883      1.9338282      2.3643248      1.9248185      1.0824970      1.7730561      2.3461886      1.6071329     0.76811949     0.31356040     0.11725093    
 0.91992394E-02 0.32749168E-01 0.84463350E-01 0.18434347     0.35667244     0.62044819     0.88704830E-01 0.28518794     0.60420935     0.94477474      1.0824970     0.88228514     0.53537864     0.99130240      1.0436728     0.72460286     0.38334584     0.16896596    
  1.1723256      4.0202396      9.2522423      15.319201      17.170764      12.227491      9.6149365      17.321173      12.599700      5.3115216      1.7730561     0.53537864      14.149508      4.4093622      1.1289620     0.31472527     0.97076544E-01 0.31248398E-01
 0.11765733     0.41541055      1.0441250      2.1325079      3.5573720      4.5989047      1.0938941      3.0385131      4.5731698      4.0668283      2.3461886     0.99130240      4.4093622      3.7893655      1.7376112     0.64021831     0.22568172     0.77772023E-01
 0.21176488E-01 0.75272388E-01 0.19320293     0.41639966     0.78255348      1.2787590     0.20281243     0.63398091      1.2510311      1.7089770      1.6071329      1.0436728      1.1289620      1.7376112      1.4210523     0.78097778     0.34862969     0.13754309    
 0.51899264E-02 0.18489040E-01 0.47790308E-01 0.10490944     0.20575335     0.36879896     0.50200691E-01 0.16350803     0.35834270     0.60002675     0.76811949     0.72460286     0.31472527     0.64021831     0.78097778     0.63608914     0.38452706     0.18663303    
 0.15155766E-02 0.54041707E-02 0.14008976E-01 0.30987181E-01 0.61874918E-01 0.11548767     0.14719574E-01 0.48770786E-01 0.11186962     0.20635431     0.31356040     0.38334584     0.97076544E-01 0.22568172     0.34862969     0.38452706     0.31476810     0.19745771    
 0.47514075E-03 0.16949718E-02 0.43998212E-02 0.97675367E-02 0.19672798E-01 0.37452660E-01 0.46236026E-02 0.15445491E-01 0.36224341E-01 0.70190917E-01 0.11725093     0.16896596     0.31248398E-01 0.77772023E-01 0.13754309     0.18663303     0.19745771     0.16222063    

 Transformation matrix X=S^(-1/2):
  1.2480506    -0.59576026     0.55630754    -0.11891070     0.56866401E-01-0.55275332E-01-0.31754784     0.18451512E-01 0.11622468    -0.17966346E-01-0.91614241E-02-0.12760417E-02-0.88337105E-01 0.19595645E-01 0.55058922E-02 0.12278448E-02-0.69643158E-03 0.19956603E-03
-0.59576026      2.0593061     -3.3767243     0.46076825    -0.49409250     0.43765064      2.0382618     0.16977277    -0.90463747     0.14426176     0.64847441E-01 0.13317538E-01 0.64635453    -0.15149055    -0.43276072E-01-0.88434771E-02 0.35399258E-02-0.92628874E-03
 0.55630754     -3.3767243      122.17500      24.911227      50.208051     -40.352892     -127.69720     -50.766765      79.175422     -13.148040     -4.7587509     -1.5463574     -52.162363      12.872802      3.8374288     0.57172118    -0.47075242E-01 0.50390912E-02
-0.11891070     0.46076825      24.911227      18.386532      33.088346     -30.121985     -30.649136     -36.067307      56.416563     -8.6004900     -2.9044006    -0.90953437     -34.384373      8.1436843      2.4408205     0.24477328     0.80832816E-02-0.36428049E-02
 0.56866401E-01-0.49409250      50.208051      33.088346      166.73109     -347.27983     -56.569039     -126.50608      558.22432     -53.538735     -17.778729     -4.3771121     -268.94283      53.359215      12.600464      1.7546238    -0.27504430     0.58986868E-01
-0.55275332E-01 0.43765064     -40.352892     -30.121985     -347.27983      11162.023      45.353749      172.66645     -13308.705     -1119.5342     -400.39854     -165.38847      2560.4764      1060.7726      346.94045      70.378353     -8.2126341      1.3124808    
-0.31754784      2.0382618     -127.69720     -30.649136     -56.569039      45.353749      137.85154      58.412628     -88.770645      14.742447      5.2791899      1.7414016      58.205830     -14.375159     -4.2996279    -0.62320136     0.40068923E-01-0.25432488E-02
 0.18451512E-01 0.16977277     -50.766765     -36.067307     -126.50608      172.66645      58.412628      111.29390     -298.96280      36.772654      12.657174      3.2593042      163.93728     -36.008167     -9.5353643     -1.1075705     0.12207753    -0.26846834E-01
 0.11622468    -0.90463747      79.175422      56.416563      558.22432     -13308.705     -88.770645     -298.96280      16140.875      1102.9445      402.52987      166.47803     -3351.5350     -1043.8032     -349.92210     -70.892149      8.3894862     -1.3665814    
-0.17966346E-01 0.14426176     -13.148040     -8.6004900     -53.538735     -1119.5342      14.742447      36.772654      1102.9445      537.67978      285.72426      123.01453     -29.251996     -572.24009     -258.05842     -51.101717      5.6316138    -0.87296867    
-0.91614241E-02 0.64847441E-01 -4.7587509     -2.9044006     -17.778729     -400.39854      5.2791899      12.657174      402.52987      285.72426      306.23458      183.56215     -19.089350     -351.25962     -325.65998     -82.268606      9.9216648     -1.5594122    
-0.12760417E-02 0.13317538E-01 -1.5463574    -0.90953437     -4.3771121     -165.38847      1.7414016      3.2593042      166.47803      123.01453      183.56215      226.22159     -9.9600333     -153.46426     -255.58621     -131.30144      22.951529     -4.4692733    
-0.88337105E-01 0.64635453     -52.162363     -34.384373     -268.94283      2560.4764      58.205830      163.93728     -3351.5350     -29.251996     -19.089350     -9.9600333      933.80961      25.109757      19.817344      4.0885435    -0.46759523     0.81923627E-01
 0.19595645E-01-0.15149055      12.872802      8.1436843      53.359215      1060.7726     -14.375159     -36.008167     -1043.8032     -572.24009     -351.25962     -153.46426      25.109757      632.77129      320.44416      64.288207     -7.3252211      1.1706009    
 0.55058922E-02-0.43276072E-01  3.8374288      2.4408205      12.600464      346.94045     -4.2996279     -9.5353643     -349.92210     -258.05842     -325.65998     -255.58621      19.817344      320.44416      388.23396      122.19046     -15.537487      2.4817973    
 0.12278448E-02-0.88434771E-02 0.57172118     0.24477328      1.7546238      70.378353    -0.62320136     -1.1075705     -70.892149     -51.101717     -82.268606     -131.30144      4.0885435      64.288207      122.19046      91.950615     -22.937019      5.2196778    
-0.69643158E-03 0.35399258E-02-0.47075242E-01 0.80832816E-02-0.27504430     -8.2126341     0.40068923E-01 0.12207753      8.3894862      5.6316138      9.9216648      22.951529    -0.46759523     -7.3252211     -15.537487     -22.937019      12.541264     -4.5636970    
 0.19956603E-03-0.92628874E-03 0.50390912E-02-0.36428049E-02 0.58986868E-01  1.3124808    -0.25432488E-02-0.26846834E-01 -1.3665814    -0.87296867     -1.5594122     -4.4692733     0.81923627E-01  1.1706009      2.4817973      5.2196778     -4.5636970      3.3164888    

 XtSX:
  1.0000000     0.78024466E-16-0.33922886E-13-0.91309731E-14 0.34807675E-13-0.16107058E-11 0.41851026E-13-0.39959461E-14 0.19325548E-11 0.11570484E-12 0.43055240E-13 0.28299845E-13-0.38723315E-12-0.10711955E-12-0.42167767E-13-0.15331161E-13 0.31161055E-14-0.78767288E-16
-0.24089556E-15  1.0000000     0.20165940E-12 0.64762914E-13 0.36958128E-12-0.88956441E-11-0.19345766E-12-0.22795334E-12 0.10578338E-10 0.82938203E-12 0.31274343E-12 0.13270635E-12-0.21626732E-11-0.79896723E-12-0.27227699E-12-0.61088721E-13 0.89073714E-14-0.38788417E-14
-0.33069500E-13 0.19101039E-12  1.0000000    -0.60493619E-11-0.29908978E-10 0.55212871E-09 0.17302656E-10 0.19842283E-10-0.67054709E-09-0.48974479E-10-0.17317731E-10-0.60069007E-11 0.14181217E-09 0.46569131E-10 0.14221492E-10 0.23209802E-11-0.29316220E-12 0.67794728E-13
-0.10473329E-13 0.28883217E-13-0.15073322E-11  1.0000000     0.17590930E-11-0.36270240E-11 0.16003740E-11-0.11658962E-11 0.55245166E-11 0.18349306E-11 0.31710936E-11 0.25787532E-11-0.30572513E-11-0.26969455E-11-0.38449244E-11-0.12638363E-11 0.15295577E-12-0.23012842E-13
-0.70676408E-14 0.32809072E-12-0.17025851E-10-0.67939173E-11  1.0000000     0.30476232E-08 0.18031385E-10 0.42669402E-10-0.36460362E-08-0.27967998E-09-0.86630663E-10-0.33120735E-10 0.70665501E-09 0.25860916E-09 0.71700489E-10 0.13709998E-10-0.14583057E-11 0.17377072E-12
-0.14675292E-11-0.26347043E-11 0.74993817E-10 0.60109861E-10 0.18519809E-08 0.99999993    -0.78291935E-10-0.74599007E-09 0.81742892E-07 0.61414715E-08 0.20405784E-08 0.87959003E-09-0.15730758E-07-0.57016599E-08-0.17683673E-08-0.39011235E-09 0.47648774E-10-0.66675207E-11
 0.47008852E-13-0.22071110E-12 0.18858193E-10 0.54745974E-11 0.16253232E-10-0.14110420E-09  1.0000000    -0.13318916E-10 0.17824492E-09 0.83410247E-11 0.25337796E-11 0.36940589E-12-0.45331130E-10-0.77626176E-11-0.16774086E-11-0.15417355E-13 0.27710473E-13-0.29613464E-13
 0.13907925E-13-0.21071281E-12 0.13092742E-10 0.37397610E-11 0.36667934E-10-0.11925986E-08-0.13852968E-10  1.0000000     0.14306308E-08 0.94571045E-10 0.24135253E-10 0.71227919E-11-0.28063452E-09-0.85069354E-10-0.17745964E-10-0.27902090E-11 0.32095160E-12-0.31398495E-13
 0.11141372E-11 0.69004854E-11-0.33353727E-09-0.20388072E-09-0.29434001E-08 0.72399967E-07 0.36064264E-09 0.14370371E-08 0.99999991    -0.60203674E-08-0.22845113E-08-0.10494503E-08 0.18322824E-07 0.57191180E-08 0.20451375E-08 0.47197628E-09-0.61666727E-10 0.99314307E-11
 0.16170922E-12 0.21486983E-13 0.14413433E-10 0.12248517E-10 0.71676830E-10 0.72523161E-09-0.16713387E-10-0.51300138E-10-0.70226818E-09  1.0000000    -0.89018418E-10-0.42511550E-10-0.16069779E-10 0.23713989E-09 0.75941003E-10 0.22913171E-10-0.45880522E-11 0.98039632E-12
 0.33566127E-13 0.21612653E-12-0.15913808E-11-0.64254537E-13-0.46168666E-10 0.24553904E-08 0.13506286E-11 0.15086042E-10-0.28928007E-08-0.27030007E-09  1.0000000    -0.45473625E-10 0.52023694E-09 0.25516325E-09 0.77011314E-10 0.25619007E-10-0.55596638E-11 0.13094525E-11
 0.32056802E-13 0.64269662E-13 0.33708701E-11 0.22176833E-11 0.46261432E-12 0.87462135E-09-0.38050721E-11-0.49991782E-11-0.99696357E-09-0.14131279E-09-0.68485828E-10  1.0000000     0.14907222E-09 0.14107648E-09 0.71637862E-10 0.28318015E-10-0.52504667E-11 0.10803580E-11
-0.14770185E-12-0.18584517E-11 0.10122724E-09 0.50884781E-10 0.67867349E-09-0.20390070E-07-0.10976974E-09-0.32380852E-09 0.24495572E-07 0.18365118E-08 0.66137115E-09 0.30723866E-09  1.0000000    -0.17304598E-08-0.58946259E-09-0.14120234E-09 0.19064854E-10-0.31693398E-11
-0.62224394E-13-0.63938975E-12 0.26410818E-10 0.13889095E-10 0.20272970E-09-0.77310146E-08-0.28637535E-10-0.91656415E-10 0.91648416E-08 0.86553549E-09 0.34419543E-09 0.16860532E-09-0.17154430E-08  1.0000000    -0.31246734E-09-0.80607965E-10 0.12053497E-10-0.22631341E-11
-0.28831108E-13-0.27322118E-12 0.12212237E-10 0.94822234E-11 0.11401709E-09-0.37518757E-08-0.13709346E-10-0.56609424E-10 0.44681243E-08 0.39099672E-09 0.16542376E-09 0.10672435E-09-0.85490616E-09-0.37692249E-09  1.0000000    -0.56683658E-10 0.95430330E-11-0.18759994E-11
-0.10707811E-13-0.76024988E-13 0.24682834E-11 0.14028727E-11 0.21480576E-10-0.80977230E-09-0.27316826E-11-0.96113941E-11 0.96304642E-09 0.78195617E-10 0.24962199E-10 0.16128876E-10-0.18238622E-09-0.72463813E-10-0.23747115E-10  1.0000000     0.15021318E-11-0.24147351E-12
 0.24231648E-14 0.13274917E-13-0.55384777E-12-0.35190904E-12-0.41120926E-11 0.15327251E-09 0.62229800E-12 0.19911121E-11-0.18138491E-09-0.18394342E-10-0.85771390E-11-0.51123550E-11 0.33707342E-10 0.18165469E-10 0.83639762E-11 0.25979219E-11  1.0000000     0.99031894E-13
-0.29652929E-16-0.33500763E-14-0.68521577E-15-0.18725906E-13-0.12523316E-12-0.30495606E-11 0.35110803E-14 0.92408720E-13 0.31967762E-11 0.11676216E-11 0.96345154E-12 0.61639582E-12-0.24100166E-12-0.13200552E-11-0.10624834E-11-0.31530334E-12 0.44853010E-13  1.0000000    

 Initial Fock matrix F = Hcore:
  2924.5700      281.79059     -92.578144     -74.822298     -42.620280     -23.067299     -94.503655     -52.645943     -23.848646     -11.917715     -6.4267282     -3.5919941     -27.589841     -10.618309     -5.1268089     -2.8125805     -1.6611156     -1.0108701    
  281.79059      297.11091     -16.361852     -78.337185     -56.757802     -33.342391     -25.798819     -66.286578     -34.379092     -17.811086     -9.7269159     -5.4650605     -39.237815     -15.920693     -7.7791440     -4.2845054     -2.5345174     -1.5435574    
 -92.578144     -16.361852     -21.068646     -64.340180     -61.776614     -41.410171     -24.105378     -66.666834     -42.499045     -23.483294     -13.130691     -7.4511134     -47.398368     -21.117319     -10.551755     -5.8553154     -3.4744275     -2.1190795    
 -74.822298     -78.337185     -64.340180     -60.891356     -59.156982     -45.674361     -63.695728     -61.102567     -46.573008     -28.419498     -16.567915     -9.5767466     -50.385778     -25.821968     -13.432058     -7.5593200     -4.5119751     -2.7596351    
 -42.620280     -56.757802     -61.776614     -59.156982     -54.087874     -45.332467     -61.782298     -56.104112     -45.940131     -31.597308     -19.696298     -11.766465     -48.425589     -29.162140     -16.217993     -9.3648969     -5.6520189     -3.4755796    
 -23.067299     -33.342391     -41.410171     -45.674361     -45.332467     -40.848589     -41.776303     -45.956652     -41.190840     -31.946228     -21.913135     -13.851489     -42.554273     -30.087085     -18.514166     -11.193808     -6.9003217     -4.2883069    
 -94.503655     -25.798819     -24.105378     -63.695728     -61.782298     -41.776303     -26.696287     -66.388290     -42.860394     -23.797068     -13.330683     -7.5705708     -47.723253     -21.409436     -10.716535     -5.9503087     -3.5316662     -2.1542432    
 -52.645943     -66.286578     -66.666834     -61.102567     -56.104112     -45.956652     -66.388290     -58.124016     -46.666818     -30.733512     -18.644299     -10.983839     -49.593519     -28.189637     -15.252016     -8.7110151     -5.2322385     -3.2099241    
 -23.848646     -34.379092     -42.499045     -46.573008     -45.940131     -41.190840     -42.860394     -46.666818     -41.547345     -32.014135     -21.832612     -13.748468     -42.972635     -30.115908     -18.414933     -11.098708     -6.8313660     -4.2421915    
 -11.917715     -17.811086     -23.483294     -28.419498     -31.597308     -31.946228     -23.797068     -30.733512     -32.014135     -28.483873     -22.190565     -15.417640     -32.190984     -27.488035     -19.531322     -12.823906     -8.2499497     -5.2441977    
 -6.4267282     -9.7269159     -13.130691     -16.567915     -19.696298     -21.913135     -13.330683     -18.644299     -21.832612     -22.190565     -19.767230     -15.489555     -21.419639     -21.942197     -18.271036     -13.444449     -9.2749950     -6.1413461    
 -3.5919941     -5.4650605     -7.4511134     -9.5767466     -11.766465     -13.851489     -7.5705708     -10.983839     -13.748468     -15.417640     -15.489555     -13.803939     -13.280789     -15.558656     -15.042116     -12.629110     -9.6102541     -6.7974775    
 -27.589841     -39.237815     -47.398368     -50.385778     -48.425589     -42.554273     -47.723253     -49.593519     -42.972635     -32.190984     -21.419639     -13.280789     -44.663900     -30.130562     -17.940787     -10.675113     -6.5310074     -4.0432969    
 -10.618309     -15.920693     -21.117319     -25.821968     -29.162140     -30.087085     -21.409436     -28.189637     -30.115908     -27.488035     -21.942197     -15.558656     -30.130562     -26.646729     -19.477511     -13.028920     -8.4705697     -5.4159751    
 -5.1268089     -7.7791440     -10.551755     -13.432058     -16.217993     -18.514166     -10.716535     -15.252016     -18.414933     -19.531322     -18.271036     -15.042116     -17.940787     -19.477511     -17.217437     -13.310857     -9.5046647     -6.4332380    
 -2.8125805     -4.2845054     -5.8553154     -7.5593200     -9.3648969     -11.193808     -5.9503087     -8.7110151     -11.098708     -12.823906     -13.444449     -12.629110     -10.675113     -13.028920     -13.310857     -11.833859     -9.4590256     -6.9448899    
 -1.6611156     -2.5345174     -3.4744275     -4.5119751     -5.6520189     -6.9003217     -3.5316662     -5.2322385     -6.8313660     -8.2499497     -9.2749950     -9.6102541     -6.5310074     -8.4705697     -9.5046647     -9.4590256     -8.4572805     -6.8446093    
 -1.0108701     -1.5435574     -2.1190795     -2.7596351     -3.4755796     -4.2883069     -2.1542432     -3.2099241     -4.2421915     -5.2441977     -6.1413461     -6.7974775     -4.0432969     -5.4159751     -6.4332380     -6.9448899     -6.8446093     -6.1351423    

 Transformed Fock matrix F':
  4199.1880     -1572.1610      940.21628     -264.41970      77.719227     -88.619474     -624.22778      74.349982      180.55889     -28.519671     -15.805187     -1.6904144     -148.91079      30.149869      8.3072170      1.8199658     -1.4563091     0.36078363    
 -1572.1610      1423.6108     -974.93146      242.54452     -58.747404      54.973212      283.50210     -99.227500     -132.12795      17.861619      10.990736     0.23147737      101.37736     -22.028913     -6.5235478     -1.5232706      1.1356054    -0.44655392    
  940.21628     -974.93146      1402.9499     -345.74206      90.908107     -104.55990     -730.83890      41.202478      218.74532     -35.328427     -19.128737     -2.5844888     -176.33141      37.134260      10.410163      2.6093978     -1.7969920     0.38492399    
 -264.41970      242.54452     -345.74206      255.53297      1.4555662     -8.1146436      4.3840208     -142.34248     -9.2838345     -4.4794041      2.9603851     -2.6555701      9.5752472    -0.57885661    -0.56518286E-01-0.47928122     0.75422486    -0.34653981    
  77.719227     -58.747404      90.908107      1.4555662      108.88289     -37.600357     -101.38240     -102.11119      67.747975     -13.840969     -9.2524858     -1.2987315     -81.132283      11.368760      5.5102848    -0.32826018    -0.24554636    -0.59413889E-01
 -88.619474      54.973212     -104.55990     -8.1146435     -37.600357      51.578385      78.162486      18.833083     -84.675643      4.4298067      4.9957065      1.4223500      26.917372     -14.664457     -6.0998988     -1.1905825    -0.89009294E-01-0.14808483    
 -624.22778      283.50210     -730.83890      4.3840208     -101.38240      78.162485      660.57549      9.1761543     -168.20152      25.935537      12.101364      3.0135042      118.21880     -31.169832     -8.2699715     -2.5440926     0.56053756    -0.21833254    
  74.349982     -99.227500      41.202478     -142.34248     -102.11119      18.833083      9.1761543      176.01134     -62.995294      12.971839      1.1673085      2.3130049      21.170611     -9.0409784     -6.1802677     0.68696554E-01-0.79049370     0.65617635E-01
  180.55889     -132.12795      218.74532     -9.2838345      67.747975     -84.675645     -168.20152     -62.995294      158.97856     -36.885532     -11.170562     -4.2843199     -110.20357      26.334135      7.3683625      1.2555917    -0.49260357    -0.58143346E-01
 -28.519671      17.861619     -35.328427     -4.4794041     -13.840969      4.4298067      25.935537      12.971839     -36.885532      15.219279     -2.5179657     0.37195654      15.765590     -19.170926     -3.4481512    -0.87889111    -0.37778963    -0.12146984    
 -15.805187      10.990736     -19.128737      2.9603851     -9.2524858      4.9957064      12.101364      1.1673085     -11.170562     -2.5179657     0.89590165     -1.7179371      8.5346296     -7.5569141     -6.2037233     -1.0951963    -0.26146970    -0.27301295    
 -1.6904144     0.23147737     -2.5844888     -2.6555701     -1.2987315      1.4223499      3.0135042      2.3130049     -4.2843200     0.37195654     -1.7179371     -2.6947555     0.42513755     -1.4997888     -3.3320515     -2.4323356     -1.0122430    -0.36718920    
 -148.91079      101.37736     -176.33141      9.5752472     -81.132283      26.917372      118.21880      21.170611     -110.20357      15.765590      8.5346296     0.42513754      105.32385     -26.932446     -5.3842583     -1.3784349     0.24429675    -0.22287312    
  30.149869     -22.028913      37.134260    -0.57885661      11.368760     -14.664457     -31.169832     -9.0409784      26.334135     -19.170926     -7.5569141     -1.4997888     -26.932446      10.208266     0.66049199E-02-0.36539322    -0.36795979    -0.14626381    
  8.3072170     -6.5235478      10.410163    -0.56518286E-01  5.5102848     -6.0998988     -8.2699715     -6.1802677      7.3683626     -3.4481512     -6.2037233     -3.3320515     -5.3842583     0.66049117E-02-0.97890379     -1.2919270    -0.41205404    -0.31309344    
  1.8199658     -1.5232706      2.6093978    -0.47928122    -0.32826018     -1.1905825     -2.5440926     0.68696554E-01  1.2555918    -0.87889111     -1.0951963     -2.4323356     -1.3784349    -0.36539322     -1.2919270     -3.5418193     -1.4340291    -0.53065770    
 -1.4563091      1.1356054     -1.7969920     0.75422486    -0.24554636    -0.89009294E-01 0.56053756    -0.79049370    -0.49260357    -0.37778963    -0.26146970     -1.0122430     0.24429675    -0.36795979    -0.41205404     -1.4340291     -3.5840315     -1.0769380    
 0.36078363    -0.44655392     0.38492399    -0.34653981    -0.59413889E-01-0.14808483    -0.21833254     0.65617635E-01-0.58143345E-01-0.12146984    -0.27301295    -0.36718920    -0.22287312    -0.14626381    -0.31309344    -0.53065770     -1.0769380     -3.2799302    

 Orbitals energies:
              1 -71.964407    
              2 -17.995542    
              3 -7.9986789    
              4 -4.4994314    
              5 -2.8791771    
              6 -1.9717187    
              7-0.67148313    
              8  2.3188552    
              9  8.1142229    
             10  18.647408    
             11  36.965021    
             12  67.224236    
             13  117.13917    
             14  202.85750    
             15  369.94898    
             16  716.32724    
             17  1566.9227    
             18  5556.3913    

 Transformed coefficients C':
 0.63700742E-01-0.24133392E-01 0.13125167E-01 0.85343809E-02 0.61024247E-02 0.51851209E-02 0.81910591E-02-0.11807919E-01 0.16500285E-01 0.21824382E-01-0.30141407E-01-0.39034951E-01-0.55398459E-01 0.68756115E-01 0.10447167    -0.16986580    -0.51848100     0.82175154    
 0.18831888    -0.73152079E-01 0.39837994E-01 0.26035266E-01 0.18731968E-01 0.15851594E-01 0.24045467E-01-0.34515339E-01 0.46930871E-01 0.63964617E-01-0.82720082E-01-0.10941098    -0.14794777     0.25449996     0.45253278    -0.63430785    -0.25720208    -0.41169991    
 0.34954668    -0.14439772     0.78725136E-01 0.51114065E-01 0.36631118E-01 0.31430896E-01 0.48214737E-01-0.70948452E-01 0.97768933E-01 0.12441821    -0.17151200    -0.20011421    -0.30038335     0.73304758E-01 0.19925213    -0.46091253E-01 0.70626728     0.32821380    
 0.46252309    -0.18154460     0.93885096E-01 0.59016269E-01 0.40152308E-01 0.31884206E-01 0.45294976E-01-0.68128737E-01 0.10247988     0.14398709    -0.16692963    -0.80451116E-01 0.10981260    -0.56654800    -0.48920006    -0.26315432    -0.13258474    -0.82105510E-01
 0.37402851    -0.48825627E-01 0.90695263E-03-0.72756135E-03-0.60791252E-03 0.14730543E-03 0.16097029E-01-0.14375318E-01-0.73962907E-01-0.23521338     0.43602411     0.57644221    -0.21916336     0.31879642    -0.31074841    -0.15243300     0.62443857E-01 0.26255738E-01
 0.21062326     0.27120054    -0.23460195    -0.16026539    -0.11887793    -0.10338919    -0.16627237     0.29327604    -0.22420870    -0.33063999E-01-0.58873697     0.39683790    -0.23530093    -0.14983025     0.12859745     0.96508138E-01-0.54952058E-01-0.27305919E-01
 0.36013075    -0.14942754     0.81478844E-01 0.52791505E-01 0.37663558E-01 0.32097705E-01 0.52176072E-01-0.74529047E-01 0.99457872E-01 0.13574326    -0.16174051    -0.22079576    -0.19239296     0.40769072    -0.12275769     0.59706607    -0.34166313    -0.18187663    
 0.42074463    -0.11716750     0.48859340E-01 0.31059582E-01 0.22449812E-01 0.20211538E-01 0.21026132E-01-0.61623971E-02-0.69779569E-02-0.41413417E-01 0.12892332     0.23378246     0.64426492    -0.10610860     0.50164569     0.22999457     0.10177312E-01 0.21821833E-01
 0.21963924     0.25109679    -0.22063570    -0.15153943    -0.11237133    -0.95478344E-01-0.17302834     0.21446858    -0.28327555     0.56800968E-01-0.20177833E-01-0.38427003     0.43755528     0.40001370    -0.28701361    -0.18819170     0.12325295     0.58257181E-01
 0.93652028E-01 0.48081298    -0.22923213    -0.61182598E-01-0.79978209E-02 0.11986691E-01 0.55589883E-01-0.10627489     0.21398803     0.71139529     0.32400540     0.10748983    -0.89262734E-01-0.81309082E-01 0.65003731E-01 0.38559351E-01-0.19616334E-01-0.90245039E-02
 0.43751970E-01 0.36302460     0.22953926     0.34235384     0.26713654     0.20778884     0.29309763    -0.26158971    -0.64855788     0.16359910E-02-0.50492447E-01-0.32846587E-01-0.32371975E-01-0.41233166E-01 0.15843171E-01 0.12095623E-01-0.10112673E-01-0.49871703E-02
 0.21318873E-01 0.19354589     0.48281850     0.95664999E-01-0.18180655    -0.18443205    -0.72669333    -0.35042413     0.94653136E-02 0.25809504E-01 0.15402871E-03 0.30512516E-01-0.67888097E-02-0.20281543E-02 0.95272505E-02 0.63643714E-02-0.15522795E-02-0.53510128E-03
 0.25681938     0.16564803    -0.15847243    -0.11108766    -0.84014798E-01-0.73774271E-01-0.10388061     0.10326296    -0.11766175    -0.39041728     0.43986008    -0.42990934    -0.31716300    -0.35650194     0.18756462     0.13014143    -0.93054611E-01-0.46515511E-01
 0.81307791E-01 0.47404403    -0.16180392     0.14239362E-01 0.55010939E-01 0.65803624E-01 0.16913613    -0.39381846     0.50371658    -0.46674623    -0.22792561    -0.18321314E-01 0.12652698     0.80971373E-01-0.53521686E-01-0.36602793E-01 0.22237208E-01 0.99617256E-02
 0.33018664E-01 0.29363338     0.38002656     0.36210638     0.20058487     0.11421797    -0.32682406E-01 0.69236800     0.31201782    -0.48244666E-01 0.45593438E-01-0.19478023E-01 0.55888632E-02 0.24873526E-01-0.21682093E-01-0.10930063E-01 0.61965301E-02 0.27633601E-02
 0.15913743E-01 0.14087313     0.45979601    -0.22799286    -0.49675125    -0.43813784     0.52441677     0.50290510E-01-0.59974631E-02 0.57272231E-02-0.38102725E-02-0.64856042E-02 0.10282387E-01 0.13836226E-02-0.31070929E-03-0.18829512E-02 0.16361181E-02 0.65682595E-03
 0.85540101E-02 0.71039493E-01 0.30683982    -0.61811683    -0.76442773E-01 0.71452690    -0.35411482E-01 0.29895767E-01-0.75401987E-02-0.63758302E-02-0.91238532E-03-0.29603402E-02-0.26116136E-02-0.19658997E-02-0.15746096E-02-0.39744863E-03-0.76491539E-03-0.44602301E-03
 0.48384064E-02 0.38983420E-01 0.17566150    -0.48263623     0.74871346    -0.41690056    -0.12515859E-01-0.10680678E-01 0.28757429E-02 0.17510424E-02 0.55961751E-03 0.10556979E-02 0.57355398E-03 0.49872214E-03 0.31245279E-03 0.21780602E-03 0.21611314E-03 0.12342090E-03

 New coefficients C=XC':
