 _______________________________________________________________
 |                                                             |
 | Program ATOM for calculation of the energy of a single atom |
 |     Developed as a part of  Dr. Hélio Duarte's DFT class    |
 |        ministered at the Chemistry Department of UFMG       |
 |                                                             |
 | By Taís Christofani                                         |
 |_____________________________________________________________|


 ******************
 INPUT INFORMATION
 ******************

 Atomic number:
          12

 Number of electron:
          12

 Number of basis functions:
          18

 Convergence criteria:
   1.0000000000000001E-005

 Maximum number of iterations:
        1000

 Cx
 -0.93000000000000005     

 Mixing coefficient for hybrid functional
   0.0000000000000000     

 Gaussian functions coefficients:
   2600.7567709999998     
   476.84590709999998     
   133.40430100000000     
   45.827977879999999     
   17.796344869999999     
   7.3295175959999996     
   124.84240440000001     
   24.709569920000000     
   7.6797159129999999     
   2.9546635229999998     
   1.2832123820000001     
  0.58819012169999996     
   9.4330060469999992     
   2.5262437560000000     
  0.94736825000000002     
  0.42405944350000002     
  0.20984540790000000     
  0.10814709430000000     


 ******************
 OUTPUT INFORMATION
 ******************

 * For detailed output information check .log file

 Number of SCF cycles for convergence:

          10

 Charge:
           0

 Ionization potential:
  -1.3435684969021620     

 Electron affinity:
  -3.5892519365405495     

 Chemical potential
   2.4664102167213557     

 Density:
 0.28797720E-03 0.15878413E-02 0.17993015E-01 0.17053463E-01 0.59635696E-01 -1.3916724    -0.13633850E-01-0.27156981E-01  1.6531633     0.21176938     0.20631822     0.29645942    -0.31731043    -0.24450882    -0.28613457    -0.19162012     0.38013660E-01-0.74638368E-02
 0.15878413E-02 0.87619707E-02 0.98430785E-01 0.93051149E-01 0.31005937     -6.5879275    -0.74267811E-01-0.14196612      7.8690472     0.87392716     0.76993921      1.0834975     -1.5442189     -1.0005993     -1.0565513    -0.66754337     0.10537228    -0.14483359E-01
 0.17993015E-01 0.98430785E-01  1.2134517      1.1809680      5.8898162     -211.89626    -0.95497276     -2.5879966      246.70458      46.961757      55.092784      81.879468     -43.444323     -55.263177     -77.743886     -56.562526      14.208435     -3.4741212    
 0.17053463E-01 0.93051149E-01  1.1809680      1.1642014      6.3513493     -244.86678    -0.93972765     -2.7621061      284.32978      56.282393      66.919025      99.817938     -49.470709     -66.439423     -94.610072     -69.050379      17.395466     -4.2607825    
 0.59635696E-01 0.31005937      5.8898162      6.3513493      64.898569     -3321.0719     -5.3194024     -27.236906      3823.4113      862.16361      1066.4657      1598.9318     -638.90420     -1021.1589     -1511.7908     -1120.9089      293.97643     -74.094308    
 -1.3916724     -6.5879275     -211.89626     -244.86678     -3321.0719      181798.10      210.09964      1379.2131     -208936.15     -48269.658     -60107.162     -90200.706      34623.153      57208.714      85246.890      63360.012     -16709.876      4225.8731    
-0.13633850E-01-0.74267811E-01-0.95497276    -0.93972765     -5.3194024      210.09964     0.76486822      2.3154030     -243.80627     -48.983130     -58.515318     -87.189072      42.289944      57.735896      82.683409      60.597215     -15.508249      3.8439644    
-0.27156981E-01-0.14196612     -2.5879966     -2.7621061     -27.236906      1379.2131      2.3154030      11.461774     -1588.3512     -356.86232     -440.96124     -660.78615      265.82698      422.45277      624.92997      463.39719     -121.70086      30.707861    
  1.6531633      7.8690472      246.70458      284.32978      3823.4113     -208936.15     -243.80627     -1588.3512      240135.98      55445.311      69031.530      103589.15     -39801.920     -65711.051     -97901.966     -72763.587      19189.835     -4853.2128    
 0.21176938     0.87392716      46.961757      56.282393      862.16361     -48269.658     -48.983130     -356.86232      55445.311      12909.270      16109.102      24180.865     -9163.7346     -15301.747     -22849.511     -16995.041      4486.7257     -1134.4429    
 0.20631822     0.76993921      55.092784      66.919025      1066.4657     -60107.162     -58.515318     -440.96124      69031.530      16109.102      20115.635      30199.843     -11400.286     -19095.806     -28534.608     -21224.808      5596.5541     -1411.8956    
 0.29645942      1.0834975      81.879468      99.817938      1598.9318     -90200.706     -87.189072     -660.78615      103589.15      24180.865      30199.843      45352.907     -17104.404     -28669.424     -42844.449     -31853.598      8370.8058     -2104.4574    
-0.31731043     -1.5442189     -43.444323     -49.470709     -638.90420      34623.153      42.289944      265.82698     -39801.920     -9163.7346     -11400.286     -17104.404      6603.9597      10858.841      16166.727      12013.291     -3167.6850      801.13889    
-0.24450882     -1.0005993     -55.263177     -66.439423     -1021.1589      57208.714      57.735896      422.45277     -65711.051     -15301.747     -19095.806     -28669.424      10858.841      18140.579      27088.084      20142.121     -5309.4250      1340.6281    
-0.28613457     -1.0565513     -77.743886     -94.610072     -1511.7908      85246.890      82.683409      624.92997     -97901.966     -22849.511     -28534.608     -42844.449      16166.727      27088.084      40479.267      30104.267     -7927.2731      1996.8512    
-0.19162012    -0.66754337     -56.562526     -69.050379     -1120.9089      63360.012      60.597215      463.39719     -72763.587     -16995.041     -21224.808     -31853.598      12013.291      20142.121      30104.267      22411.051     -5939.8970      1506.5668    
 0.38013660E-01 0.10537228      14.208435      17.395466      293.97643     -16709.876     -15.508249     -121.70086      19189.835      4486.7257      5596.5541      8370.8058     -3167.6850     -5309.4250     -7927.2731     -5939.8970      1655.7349     -446.82323    
-0.74638368E-02-0.14483359E-01 -3.4741212     -4.2607825     -74.094308      4225.8731      3.8439644      30.707861     -4853.2128     -1134.4429     -1411.8956     -2104.4574      801.13889      1340.6281      1996.8512      1506.5668     -446.82323      132.90117    

 Orbital energies:
              1                -56.936954    
              2                -8.4539785    
              3                -1.8357813    
              4               -0.36889361    
              5                0.20358330    
              6                 1.3435685    
              7                 3.5892519    
              8                 7.5195905    
              9                 14.306661    
             10                 25.864115    
             11                 45.221822    
             12                 76.433277    
             13                 127.39089    
             14                 214.30222    
             15                 382.97404    
             16                 731.88357    
             17                 1592.4220    
             18                 5583.6835    

 Total energy:
  -172.16635131521878     

 ---------------------------------------------
 CPU time:   1.3339080000000001      seconds
